# callgrind format
version: 1
creator: callgrind-3.13.0
pid: 18249
cmd:  ./demon /home/manekin/Desktop/test/a /home/manekin/Desktop/test/b -R
part: 1


desc: I1 cache: 
desc: D1 cache: 
desc: LL cache: 

desc: Timerange: Basic block 0 - 978167
desc: Trigger: Program termination

positions: line
events: Ir
summary: 14336703


ob=(2) ???
fl=(18) ???
fn=(512) 0x0000000004c4c818
0 31
cob=(3) /lib/x86_64-linux-gnu/libc-2.26.so
cfi=(102) /build/glibc-itYbWN/glibc-2.26/malloc/malloc.c
cfn=(514) free
calls=31 3107 
0 3194

fn=(284) 0x0000000004a2a520
0 6

fn=(328) 0x0000000000108e10
0 6

fn=(392) 0x0000000004c4c810
0 26
cob=(3)
cfi=(102)
cfn=(394) malloc
calls=26 3062 
0 65772

fn=(84) 0x0000000004000d10
0 1
cob=(1) /lib/x86_64-linux-gnu/ld-2.26.so
cfi=(19) /build/glibc-itYbWN/glibc-2.26/elf/dl-minimal.c
cfn=(86) free
calls=1 109 
0 6

ob=(1)
fl=(40) /build/glibc-itYbWN/glibc-2.26/misc/../sysdeps/unix/sysv/linux/mmap64.c
fn=(122) mmap
44 14
+3 7
-6 70
+6 17
+5 70
+2 49
-7 16

fl=(15) /build/glibc-itYbWN/glibc-2.26/elf/dl-environ.c
fn=(34) _dl_next_ld_env_entry
30 3
+3 10
+13 67
-13 201
+2 138
+1 36
+5 2
-3 2
+3 2
+2 2
+7 1

fl=(21) /build/glibc-itYbWN/glibc-2.26/string/../sysdeps/x86_64/strcmp.S
fn=(56) strcmp
144 426
+1 426
+2 426
+1 426
+21 426
+1 426
+1 329
+1 329
+1 264
+1 264
+1 264
+1 264
+21 264
+1 264
+1 264
+1 264
+1 264
+1 264
+1 264
+5 4
+1 4
+9 4
+1 4
+1 4
+1 4
+1 4
+1 4
+1 4
+1 4
-7 162
+1 162
+1 162
+1 162
+1 162
+1 162
+1 162
+1 162
+1 99
+1 68
+1 68
+1 68
+2 68
+1 68
+1 68
+1 68
+1 68
+1 68
-5 31
+1 31
+1 31
+1 31
+1 31
+1 31
+10 67
+1 67
+1 67
+2 67
+6 67
+1 67
+1 67
+1 67
+1 67
+5 67
+2 65
+1 65
+1 130
+8 65
+1 65
+3 65
+1 65
+1 65
+1 65
+1 65
+1 65
447 1
+1 1
+1 1
+1 1
+1 1
+2 1
+1 1
+1 1
+1 1
+1 1
+1 1
+1 1
+1 1
+3 1
+1 1
+1 1
+6 1
+1 1
+1 2
+4 1
+1 1
+3 1
+1 1
+1 1
+3 1
+1 1
+1 1
+6 1
+1 1
+1 1
+1 1
+1 1
+1 1
821 1
+1 1
+1 1
+1 1
+1 1
+2 1
+1 1
+1 1
+1 1
+1 1
+1 1
+1 1
+1 1
+4 1
+1 1
+1 1
+6 1
+1 1
+1 2
+4 1
+1 1
+3 1
+1 1
+1 1
+3 1
+1 1
+1 1
+6 1
+1 1
+1 1
+1 1
+1 1
+1 1
+72 1
+1 1
+1 1
+1 1
+1 1
+2 1
+1 1
+1 1
+1 1
+1 1
+1 1
+1 1
1071 11
+1 11
+1 11
+1 11
+1 11
+2 11
+1 11
+1 11
+1 11
+1 11
+1 11
+1 11
+1 11
+4 11
+1 11
+1 11
+6 11
+1 11
+1 22
+4 11
+1 11
+3 11
+1 11
+1 11
+3 11
+1 11
+1 11
+6 11
+1 11
+1 11
+1 11
+1 11
+1 11
+7 1
+1 1
+2 1
+1 1
+2 1
+1 1
+1 1
+3 1
+1 1
+1 1
+6 1
+1 1
+1 1
+1 1
+1 1
+1 1
+41 3
+1 3
+1 3
+1 3
+1 3
+2 3
+1 3
+1 3
+1 3
+1 3
+1 3
+1 3
+1 1
+4 1
+1 1
+1 1
+6 1
+1 1
+1 2
+4 1
+1 1
+3 1
+1 1
+1 1
+3 1
+1 1
+1 1
+6 1
+1 1
+1 1
+1 1
+1 1
+1 1
+72 4
+1 4
+1 4
+1 4
+1 4
+2 4
+1 4
+1 4
+1 4
+1 4
+1 4
+1 4
+1 3
+4 3
+1 3
+1 3
+6 3
+1 3
+1 6
+4 3
+1 3
+3 3
+1 3
+1 3
+3 3
+1 3
+1 3
+6 3
+1 3
+1 3
+1 3
+1 3
+1 3
+72 1
+1 1
+1 1
+1 1
+1 1
+2 1
+1 1
+1 1
+1 1
+1 1
+1 1
+1 1
1571 9
+1 9
+1 9
+1 9
+1 9
+2 9
+1 9
+1 9
+1 9
+1 9
+1 9
+1 9
+1 6
+4 6
+1 6
+1 6
+6 6
+1 6
+1 12
+4 6
+1 6
+3 6
+1 6
+1 6
+3 6
+1 6
+1 6
+6 6
+1 6
+1 6
+1 6
+1 6
+1 6
+72 5
+1 5
+1 5
+1 5
+1 5
+2 5
+1 5
+1 5
+1 5
+1 5
+1 5
+1 5
+1 4
+4 4
+1 4
+1 4
+6 4
+1 4
+1 8
+4 4
+1 4
+3 4
+1 4
+1 4
+3 4
+1 4
+1 4
+6 4
+1 4
+1 4
+1 4
+1 4
+1 4
+72 4
+1 4
+1 4
+1 4
+1 4
+2 4
+1 4
+1 4
+1 4
+1 4
+1 4
+1 4
+1 3
+4 3
+1 3
+1 3
+6 3
+1 3
+1 6
+4 3
+1 3
+3 3
+1 3
+1 3
+3 3
+1 3
+1 3
+6 3
+1 3
+1 3
+1 3
+1 3
+1 3
+72 51
+1 51
+1 51
+1 51
+1 51
+2 51
+1 51
+1 51
+1 51
+1 51
+1 51
+1 51
+1 46
+4 46
+1 46
+1 46
+6 46
+1 46
+1 92
+4 46
+1 46
+3 46
+1 46
+1 46
+3 46
+1 46
+1 46
+6 46
+1 46
+1 46
+1 46
+1 46
+1 46
+72 8
+1 8
+1 8
+1 8
+1 8
+2 8
+1 8
+1 8
+1 8
+1 8
+1 8
+1 8
+2 1
+4 1
+1 1
+1 1
+6 1
+1 1
+2 2
+4 1
+1 1
+3 1
+1 1
+1 1
+3 1
+1 1
+1 1
+6 1
+1 1
+1 1
+1 1
+1 1
+1 1
+74 142
+2 142
+1 142
+1 142
+1 142
-3 24
+1 24
+1 24
+1 24
+1 204
+5 68
+6 68
+1 68
+8 68
+1 68
-16 358
+6 358
+1 358
+8 358
+1 358

fl=(12) /build/glibc-itYbWN/glibc-2.26/elf/../sysdeps/unix/sysv/linux/x86_64/brk.c
fn=(22) brk
31 7
+8 1
-6 2
+7 1

fl=(105) /build/glibc-itYbWN/glibc-2.26/elf/../sysdeps/x86_64/dl-trampoline.h
fn=(412) _dl_runtime_resolve_sse_vex
164 4
+3 4
+2 4
+2 4
+5 4
+1 4
+1 4
+1 4
+1 4
+1 4
+1 4
+1 4
+1 4
+1 4
+1 4
+1 4
+1 4
+1 4
+1 4
+5 4
+1 4
+1 4
+1 4
+14 4
+1 4
+1 4
cfi=(106) /build/glibc-itYbWN/glibc-2.26/elf/../elf/dl-runtime.c
cfn=(414) _dl_fixup
calls=4 66 
* 3361
+1 4
+5 4
+1 4
+1 4
+1 4
+13 4
+1 4
+1 4
+1 4
+1 4
+1 4
+1 4
+1 4
+1 4
+1 4
+1 4
+1 4
+1 4
+1 4
+1 4
+2 4
+2 4
+4 4
+3 4
cob=(3)
cfi=(102)
cfn=(614) realloc
calls=1 3151 
* 271
cob=(3)
cfi=(102)
cfn=(444) calloc
calls=1 3386 
* 8453
cfi=(9) /build/glibc-itYbWN/glibc-2.26/elf/dl-tunables.c
cfn=(26) __tunable_get_val
calls=1 379 
* 18
cfi=(107) /build/glibc-itYbWN/glibc-2.26/elf/dl-open.c
cfn=(418) _dl_find_dso_for_object
calls=1 -83 
* 44

fn=(410) _dl_runtime_resolve_avx_slow
70 4
+1 4
+1 4
+1 4
+1 4
+1 4
+1 4
+1 4
+1 4
+3 4
+3 4
+3 4
cfn=(412)
calls=4 +77 
* 12347

fl=(49) /build/glibc-itYbWN/glibc-2.26/elf/dl-version.c
fn=(158) _dl_check_map_versions
174 32
+15 12
+2 4
+3 16
-3 4
+2 4
+1 4
+2 4
-3 4
+3 4
+3 4
+4 2
-4 2
+4 8
+17 2
56 4
220 2
56 10
+1 5
-1 10
+2 21
cfi=(35) /build/glibc-itYbWN/glibc-2.26/elf/dl-misc.c
cfn=(108) _dl_name_match_p
calls=7 284 
* 638
* 14
228 6
+5 8
+4 6
+2 2
-2 14
-4 3
+4 9
+2 3
-2 48
cfn=(160) match_symbol
calls=3 76 
* 526
* 8
cfn=(160)
calls=2 76 
* 223
* 5
+7 30
+3 15
+9 8
+14 4
+3 8
+10 31
-7 124
+3 93
-3 8
+3 6
+8 6
+87 36
-81 12
cfi=(19)
cfn=(42) calloc
calls=3 92 
* 81
* 3
+1 3
-2 3
+2 3
+11 3
+2 3
-5 3
+3 3
+2 3
-2 3
+2 3
+3 8
+4 6
+18 3
-15 9
+2 9
-2 6
+2 6
+2 5
+1 5
-1 10
+1 5
-1 5
+1 5
+1 5
-2 5
+2 10
+1 15
+3 15
+8 6
+10 9
+3 8
+20 31
-14 66
-2 31
+6 31
+1 31
+1 31
-1 93
+1 31
-1 31
+1 31
+1 31
+3 101
183 2
-8 2
+95 5

fn=(160)
76 55
+9 5
-8 5
-1 10
+1 5
+8 5
+6 15
+15 5
+1 10
+2 5
+5 10
+14 72
+12 93
+4 31
-30 62
+16 5
+3 20
cfi=(21)
cfn=(56)
calls=5 +11 
* 286
* 10
+35 40

fn=(156) _dl_check_all_versions
380 5
+4 7
+2 28
cfn=(158)
calls=4 174 
* 2869
-2 4
+2 12
-1 4
-1 8
+5 7

fl=(29) /build/glibc-itYbWN/glibc-2.26/string/strdup.c
fn=(82) strdup
40 12
+1 3
cfi=(13) /build/glibc-itYbWN/glibc-2.26/string/../sysdeps/x86_64/multiarch/../strlen.S
cfn=(28) strlen
calls=3 +38 
* 84
* 3
+1 6
cfi=(19)
cfn=(46) malloc
calls=3 +8 
* 54
* 3
+2 6
+4 3
-1 6
+1 6
-1 6
cfi=(20) /build/glibc-itYbWN/glibc-2.26/string/../sysdeps/x86_64/multiarch/memmove-vec-unaligned-erms.S
cfn=(48) memcpy
calls=3 +84 
* 38

fl=(106)
fn=(414)
66 8
+6 8
-6 4
+3 8
+3 12
-4 4
+5 24
+2 4
-2 4
+2 8
+5 8
+4 8
+4 12
+4 8
+1 16
+2 16
+7 8
-1 4
+1 4
+10 36
cfi=(6) /build/glibc-itYbWN/glibc-2.26/elf/dl-lookup.c
cfn=(176) _dl_lookup_symbol_x
calls=4 810 
* 3061
* 4
+4 20
+10 24
+16 4
-8 4
+8 12
+4 12
fi=(5) /build/glibc-itYbWN/glibc-2.26/elf/../sysdeps/x86_64/dl-machine.h
260 4
fe=(106)
150 12

fl=(13)
fn=(28)
79 14
+1 14
+1 14
+1 14
+1 14
+1 14
+1 14
+2 14
+2 14
+31 14
+1 14
+1 14
+1 14
+1 14
+1 8
+2 8
+4 6
+1 6
+1 6
+1 6
+1 6
+1 6
+1 6
+1 6
+1 6
+1 6
+1 6
+1 6
+5 48

fl=(23) /build/glibc-itYbWN/glibc-2.26/posix/../sysdeps/unix/syscall-template.S
fn=(64) uname
84 4
+1 1

fl=(36) /build/glibc-itYbWN/glibc-2.26/io/../sysdeps/unix/sysv/linux/open64.c
fn=(112) open
32 11
-3 11
+3 66
+14 77
+2 3
-2 24
+2 8

fl=(32) /build/glibc-itYbWN/glibc-2.26/string/../sysdeps/x86_64/strcspn.S
fn=(96) strcspn
30 1
+7 1
+1 1
+2 1
+1 1
+1 1
+1 1
+1 33
+3 2
+7 1
+1 1
+1 1
+1 1
+2 1
+1 1
+1 1
+1 1
+2 1
+1 1
+1 1
+9 3
+12 1
+2 1
+1 1
+1 1
-4 11
+2 11
+1 11
+1 11
+2 12
+1 12
+1 12
+2 12
+1 12
+1 12
+2 12
+1 12
+1 12
+2 1
+1 1
+1 1
+2 1
+7 1
+4 1

fl=(6)
fn=(176)
810 1310
572 131
810 655
572 655
+1 131
-1 131
+1 393
-1 393
+1 1399
-1 1399
+1 4197
-1 4328
813 131
-1 131
+4 131
+4 131
-8 131
+1 131
+7 375
+7 131
-2 131
+2 131
-2 131
+6 131
-7 131
+7 262
-7 1179
+15 8
-8 40
+2 1703
cfn=(178) do_lookup_x
calls=131 355 
* 58625
+3 393
+26 393
+21 123
+1 861
+31 123
+9 492
+14 369
+3 492
+5 123
+2 1179
-84 56
+15 8
+1 16
+59 2

fn=(178)
355 917
+1 131
-1 655
+48 131
-30 131
-11 131
+41 131
+3 262
-3 262
-30 524
+33 524
-40 262
+3 262
-3 550
+3 550
+4 818
+4 810
+4 810
+6 1215
+8 405
-4 405
+1 405
+3 810
+1 1215
+3 405
+1 810
+4 810
+3 405
-5 405
+5 1215
+3 2835
-99 282
557 2052
+1 206
cfi=(35)
cfn=(108)
calls=103 284 
* 7725
* 309
+3 849
+3 8
+1 1048
-96 246
fi=(51) /build/glibc-itYbWN/glibc-2.26/elf/../sysdeps/generic/ldsodefs.h
102 369
fe=(6)
520 246
+3 872
+4 84
+12 246
+1 123
+1 246
414 516
-1 258
+2 258
+2 1677
+13 375
-10 1240
+2 246
+1 615
-1 123
+2 123
-1 246
+1 123
-1 369
-1 123
+1 369
cfn=(180) check_match
calls=123 92 
* 16322
+4 369
+34 12
267 42
439 1107

fn=(10) _dl_setup_hash
959 12
+4 4
+4 8
+2 4
-1 4
+3 12
+1 4
+1 4
+3 4
-3 4
+7 4
-4 4
-1 4
+3 4
+2 4
-7 4
+7 8

fn=(180)
92 984
+3 861
+12 738
+3 720
cfi=(21)
cfn=(56)
calls=57 +34 
* 2417
* 114
+5 123
-1 123
+1 123
+2 244
+19 244
+1 976
+46 123
-7 123
+7 615
-18 2
+2 2
+1 1
-1 2
+1 3
-1 2
-29 366
cfi=(21)
cfn=(56)
calls=122 +6 
* 7050
* 366

fl=(47) /build/glibc-itYbWN/glibc-2.26/elf/dl-cache.c
fn=(274) _dl_unload_cache
325 4
-1 1
+3 2
cfi=(42) /build/glibc-itYbWN/glibc-2.26/misc/../sysdeps/unix/syscall-template.S
cfn=(276) munmap
calls=1 84 
* 5
+1 1
+2 2

fn=(142) _dl_load_cache_lookup
186 9
+8 2
+3 3
+51 2
+11 1
-2 1
fi=(48) /build/glibc-itYbWN/glibc-2.26/elf/../sysdeps/x86/dl-procinfo.h
39 1
fe=(47)
257 1
fi=(48)
39 1
fe=(47)
257 2
fi=(48)
39 1
+3 3
cfi=(21)
cfn=(56)
calls=1 144 
* 24
* 2
fe=(47)
263 4
cfi=(9)
cfn=(26)
calls=1 379 
* 17
* 1
+2 2
-2 1
+2 1
cfi=(26) /build/glibc-itYbWN/glibc-2.26/io/../sysdeps/unix/sysv/linux/access.c
cfn=(70) access
calls=1 27 
* 9
* 1
+4 1
-4 1
+4 1
+15 141
cfn=(148) _dl_cache_libcmp
calls=9 139 
* 642
* 61
cfn=(148)
calls=1 139 
* 71
* 32
+16 2
+4 2
+8 3
cfi=(13)
cfn=(28)
calls=1 79 
* 34
* 2
+1 1
-1 4
+1 2
cfi=(20)
cfn=(48)
calls=1 131 
* 10
+1 2
cfi=(29)
cfn=(82)
calls=1 40 
* 80
+1 8
200 4
cfi=(35)
cfn=(144) _dl_sysdep_read_whole_file
calls=1 45 
* 107
+8 1
-8 1
+8 4
+1 4
cfi=(16) /build/glibc-itYbWN/glibc-2.26/string/../sysdeps/x86_64/memcmp.S
cfn=(36) bcmp
calls=1 24 
* 38
* 2
+7 1
-3 1
+3 3
+3 1
+1 2
-1 1
+1 1
+1 4
cfi=(16)
cfn=(36)
calls=1 24 
* 32
* 2
fi=(48)
42 3
fe=(47)
296 2
-27 4
+1 3
-1 4

fn=(148)
139 30
+1 22
+2 98
+2 49
-2 49
+2 2
+6 1
+2 1
-1 1
-1 1
+1 1
+1 4
+2 5
+2 2
+6 96
+2 174
+4 39
+1 39
-29 78
+32 3
-7 18

fl=(27) /build/glibc-itYbWN/glibc-2.26/string/../sysdeps/x86_64/multiarch/memset-vec-unaligned-erms.S
fn=(74) memset
109 50
+2 10
+1 10
+1 6
+1 6
+2 4
+1 4
+2 4
+55 2
+1 2
+10 2
+1 2
+1 2
+1 2
+1 2
+1 2
+1 2
+1 2
+1 2
+1 2
+1 2
+1 2
+1 2
+1 2
+2 32
+1 32
+1 32
+1 32
+1 32
+1 32
+1 32
+1 2
+15 4
+1 4
+1 4
+1 2
+1 2
+1 1
+1 1
+24 2
+1 2
+2 2
+3 1
+1 1
+2 1
+3 1
+1 1
+2 1

fl=(17) /build/glibc-itYbWN/glibc-2.26/elf/dl-object.c
fn=(38) _dl_new_object
61 33
+1 3
-1 6
+1 3
cfi=(13)
cfn=(28)
calls=3 +17 
* 66
+6 3
-6 12
+6 12
+1 21
+6 15
cfi=(19)
cfn=(42)
calls=3 +17 
* 147
* 3
+3 3
-3 3
+3 3
+4 3
+5 6
-6 3
+1 6
+5 3
-1 3
+1 3
-1 3
+1 3
cfi=(20)
cfn=(48)
calls=3 +44 
* 41
+10 3
-10 3
+11 3
-1 3
-10 3
+10 3
-8 3
+8 6
+1 3
-1 3
+1 9
+3 3
-3 3
+3 3
+9 3
-7 3
+4 3
+3 9
+2 2
-2 2
+2 30
-2 30
+12 3
+6 3
-5 3
-1 3
+6 15
+2 2
+3 2
-3 2
+3 2
-3 4
+7 6
+4 6
+8 1
+3 1
+3 2
-3 1
+3 1
-3 2
+3 4
-3 2
+3 2
+2 6
cfi=(13)
cfn=(28)
calls=2 -78 
* 68
+4 2
-4 8
+4 6
+64 2
+4 27
102 8
+39 6
+70 6
cfi=(20)
cfn=(72) mempcpy
calls=2 -94 
* 32
* 42
+6 40
-1 40
+1 42
-1 2
+1 6
+5 4
-89 2
+32 4
cfi=(19)
cfn=(46)
calls=2 50 
* 36
* 2
+1 2
-1 2
+1 6
-33 2

fn=(50) _dl_add_to_namespace_list
32 15
+2 6
cfi=(2) /build/glibc-itYbWN/glibc-2.26/elf/rtld.c
cfn=(52) rtld_lock_default_lock_recursive
calls=3 783 
* 6
+2 3
-2 3
+2 19
+3 15
+2 2
+2 2
+4 2
+4 2
-4 4
+1 2
+4 4
-4 2
+1 2
+3 2
-3 2
+2 2
cfi=(2)
cfn=(54) rtld_lock_default_unlock_recursive
calls=2 789 
* 4
-4 1
+4 1
-4 2
+1 1
+4 2
-4 1
+1 1
+3 1
-3 1
+2 1
cfi=(2)
cfn=(54)
calls=1 789 
* 2
-5 2

fl=(74) /build/glibc-itYbWN/glibc-2.26/elf/dl-init.c
fn=(282) call_init.part.0
36 4
+3 4
-3 8
+3 12
-11 21
+16 15
+5 4
+9 12
cob=(3)
cfi=(76) /build/glibc-itYbWN/glibc-2.26/csu/../csu/init-first.c
cfn=(294) _init
calls=1 -6 
* 200
cob=(2)
cfi=(18)
cfn=(284)
calls=1 -58 
* 6
* 2
+4 4
+6 2
+2 4
-2 4
+3 10
+1 8
cob=(3)
cfi=(82) /build/glibc-itYbWN/glibc-2.26/string/../sysdeps/x86/cacheinfo.c
cfn=(308) init_cacheinfo
calls=1 488 
* 1782
cob=(4) /usr/lib/valgrind/vgpreload_core-amd64-linux.so
cfi=(75) ???
cfn=(288) 0x0000000000000640
calls=1 -72 
* 17
* 2
-1 4
+3 18
-29 3
-5 2
+34 1

fn=(280) _dl_init
80 11
+1 1
+1 1
+3 3
+8 2
+1 2
+25 15
+1 12
-90 20
cfn=(282)
calls=3 +6 
* 2073
* 3
+96 8
-96 2
+58 2
+16 1
cfn=(282)
calls=1 -68 
* 76
* 1

fl=(1) ???
fn=(0) 0x0000000000000ea0
0 2
cfi=(2)
cfn=(2) _dl_start
calls=1 444 
0 154612
0 14
cfi=(74)
cfn=(280)
calls=1 80 
0 2233
0 3
cob=(5) /home/manekin/Desktop/SO/src/demon
cfi=(84) ???
cfn=(318) _start
calls=1 0 
0 14179839

fl=(33) /build/glibc-itYbWN/glibc-2.26/elf/dl-error-skeleton.c
fn=(152) _dl_receive_error
217 3
+1 1
+1 1
+3 1
+1 1
+2 2
cfi=(2)
cfn=(154) version_check_doit
calls=1 620 
* 2954
+2 1
+1 1
+1 4

fn=(100) _dl_catch_error
175 6
+17 3
-5 6
+6 3
-3 3
-2 6
+5 3
+3 6
-21 6
+14 6
+1 3
+2 3
+4 3
cfi=(34) /build/glibc-itYbWN/glibc-2.26/setjmp/../sysdeps/x86_64/setjmp.S
cfn=(102) __sigsetjmp
calls=3 26 
* 60
* 9
+2 9
cfi=(45) /build/glibc-itYbWN/glibc-2.26/elf/dl-deps.c
cfn=(136) openaux
calls=2 60 
* 5853
cfi=(2)
cfn=(104) map_doit
calls=1 587 
* 2212
+2 3
-1 3
+2 3
+1 3
-2 3
-1 3
+11 3
-9 3
+1 3
+8 9

fl=(7) /build/glibc-itYbWN/glibc-2.26/elf/../elf/dl-sysdep.c
fn=(12) _dl_sysdep_start
88 8
+25 1
-1 1
+1 218
+6 1
-3 1
+1 1
-4 1
+3 1
+3 4
+1 2
-1 25
+1 108
-1 106
+62 1
+1 1
-1 1
+1 1
-29 1
+1 2
+11 1
+1 1
-1 1
+1 1
-7 1
+1 1
-1 1
+1 1
-4 1
+1 2
-25 1
+1 2
-4 1
+1 2
-7 1
+1 1
+2 1
+1 1
+97 1
cfi=(9)
cfn=(16) __GI___tunables_init
calls=1 +71 
* 23409
fi=(11) /build/glibc-itYbWN/glibc-2.26/elf/../sysdeps/unix/sysv/linux/dl-sysdep.c
35 2
cfi=(12)
cfn=(22)
calls=1 -4 
* 11
fi=(8) /build/glibc-itYbWN/glibc-2.26/elf/../sysdeps/x86/cpu-features.c
+90 1
-12 1
+1 1
+11 1
+3 1
-3 1
+3 7
312 3
+1 1
+3 2
+1 1
+7 1
+4 2
-5 1
+5 1
-3 1
+3 1
cfi=(9)
cfn=(26)
calls=1 +51 
* 17
+2 4
cfi=(9)
cfn=(26)
calls=1 +49 
* 17
* 1
+2 3
-2 1
+2 1
cfi=(9)
cfn=(26)
calls=1 +47 
* 17
* 1
+2 3
-2 1
+2 1
cfi=(9)
cfn=(26)
calls=1 +45 
* 17
+13 1
-13 1
+4 1
+8 1
-12 1
+13 1
fe=(7)
238 2
cfi=(14) /build/glibc-itYbWN/glibc-2.26/elf/../misc/sbrk.c
cfn=(30) sbrk
calls=1 34 
* 17
* 3
+12 3
+3 5
cfi=(2)
cfn=(32) dl_main
calls=1 869 
* 129479
+1 1
+1 8
fi=(8)
+94 3
fe=(7)
236 1
cfi=(13)
cfn=(28)
calls=1 79 
* 16
* 2
fi=(8)
368 3
+2 4
+3 4
+1 3
134 6
cfn=(24) get_common_indeces.constprop.1
calls=1 -97 
* 66
+3 3
+97 4
+7 5
+10 2
+1 1
-1 1
+1 1
+8 1
132 2
+7 3
+1 7
+85 5
-79 2
fe=(7)

fn=(272) _dl_sysdep_start_cleanup
260 1

fl=(30) /build/glibc-itYbWN/glibc-2.26/elf/dl-debug.c
fn=(88) _dl_debug_initialize
50 8
+5 6
+5 2
-1 1
+1 2
+1 2
-1 1
+4 1
-13 4
+4 8
+4 1
-1 1
+1 4

fn=(92) _dl_debug_state
74 2

fl=(26)
fn=(70)
27 24
+4 3

fl=(28) /build/glibc-itYbWN/glibc-2.26/string/../sysdeps/x86_64/multiarch/../strchr.S
fn=(76) index
24 7
+1 7
+1 7
+1 7
+1 7
+1 7
+1 7
+1 7
+1 7
+1 7
+1 7
+1 7
+1 7
+1 7
+1 7
+1 7
+1 7
+1 5
+4 5
+1 5
+1 5
+1 5
+2 5
+4 2
+1 2
+1 2
+1 2
+1 2
+1 2
+1 2
+1 2
+1 2
+1 2
+1 2
+1 2
+1 2
+1 2
+1 2
+1 2
+1 2
+1 2
+1 2
+1 2
+1 2
+1 2
+1 2
+1 2
+52 2
+4 2
+1 2
+1 2
+1 2
+2 2

fl=(19)
fn=(46)
50 87
+11 42
+3 21
-3 21
+3 42
-3 2
+3 1
-3 1
+3 86
-15 3
+20 4
+1 2
+2 1
+1 8
cfi=(40)
cfn=(122)
calls=1 -29 
* 35
+2 5
+4 3
+3 1
+1 1
+2 5
-2 21
-1 21
+3 42
-29 1
-1 1
+1 1
+1 2
-2 2

fn=(80) strsep
265 4
+2 2
+1 4
+4 33
+7 84
-2 56
+13 1
+4 2
-7 14
-15 44

fn=(42)
92 8
+8 8
-1 16
-3 8
+4 16
+3 8
cfn=(46)
calls=8 -53 
* 210
* 8

fn=(86)
109 1
+2 3
+7 2

fl=(34)
fn=(102)
26 3
+9 3
+1 6
+1 3
+4 3
+1 3
+1 3
+1 3
+1 3
+2 6
+2 3
+1 3
+1 3
+2 6
+2 3
+4 3
+1 3

fl=(9)
fn=(26)
379 102
+4 17
-4 49
+14 12
+12 85
+1 17
-23 2
+1 2
+4 3
+1 3

fn=(16)
295 8
-9 3
156 2
-89 212
+6 69
-3 69
+3 6099
+4 138
+5 69
303 69
82 138
303 69
fi=(10) /build/glibc-itYbWN/glibc-2.26/elf/dl-tunables.h
121 69
-1 207
+1 76
-1 7
+1 14
-1 8
+1 32
-1 40
fe=(9)
336 276
-12 5520
fi=(10)
120 2484
+1 2580
-1 52
+1 208
-1 260
fe=(9)
318 4485
67 138
370 8

fl=(2)
fn=(104)
587 1
+2 1
-2 1
+3 2
-1 3
+1 3
cfi=(24) /build/glibc-itYbWN/glibc-2.26/elf/dl-load.c
cfn=(106) _dl_map_object
calls=1 2149 
* 2198
* 1
+2 2

fn=(162) init_tls
680 1
+6 1
-6 1
+2 2
+4 1
+10 4
cfi=(19)
cfn=(42)
calls=1 92 
* 27
* 1
+11 1
-15 1
+3 1
+6 1
+2 1
-11 1
+15 1
+2 1
-1 1
+1 10
+2 8
+4 1
+2 1
-2 2
-5 8
+9 3
+3 1
cfi=(31) /build/glibc-itYbWN/glibc-2.26/elf/../elf/dl-tls.c
cfn=(164) _dl_determine_tlsoffset
calls=1 144 
* 66
+7 1
cfi=(31)
cfn=(166) _dl_allocate_tls_storage
calls=1 338 
* 375
+1 1
-1 1
+1 1
+6 1
+3 1
-3 1
+3 6
+3 1
+3 3

fn=(32)
869 1
+17 1
-17 7
2468 1
869 3
+17 1
+4 1
2468 1
869 1
+21 1
+1 1
2463 1
891 1
+5 1
2468 1
896 1
2461 2
+7 2
-4 1
+4 5
+2 2
cfi=(15)
cfn=(34)
calls=1 30 
* 66
* 4
cfi=(15)
cfn=(34)
calls=2 30 
* 398
* 9
+4 50
+1 19
-1 57
+3 4
+6 14
2632 3
+32 3
906 3
1107 7
cfi=(17)
cfn=(38)
calls=1 61 
* 236
+2 1
-2 1
+2 1
+1 1
+1 1
+5 2
-5 1
+1 2
+4 1
cfi=(17)
cfn=(50)
calls=1 32 
* 33
+1 3
878 1
1146 1
-3 1
-5 1
+1 1
+2 1
+5 5
+56 3
-37 1
+22 1
+15 2
-55 24
-1 27
+1 47
1249 5
+3 2
+2 2
+2 3
+13 3
+3 2
-2 1
+2 1
-2 3
cfi=(21)
cfn=(56)
calls=1 144 
* 44
* 2
+7 1
+3 1
-5 1
+3 1
-3 1
+5 1
+1 2
+4 2
+2 2
fi=(3) /build/glibc-itYbWN/glibc-2.26/elf/get-dynamic-info.h
33 1
+9 2
+6 1
-2 1
+2 2
+15 1
+5 1
+3 1
+2 1
-3 1
-3 1
-3 22
+10 5
-26 15
+16 20
+10 20
-26 60
+26 1
-26 3
+2 52
+13 24
+2 4
+16 3
+20 3
+1 4
+1 4
+1 4
+2 4
+5 4
+1 4
+1 4
+6 3
+5 2
+7 2
+1 3
+16 3
+5 1
+2 1
-2 1
+2 1
+2 2
+2 2
+1 1
+2 3
+10 1
-8 3
+8 1
+5 2
+1 2
+2 2
fe=(2)
1292 2
cfi=(6)
cfn=(10)
calls=1 959 
* 23
+3 2
fi=(22) /build/glibc-itYbWN/glibc-2.26/elf/setup-vdso.h
24 2
fe=(2)
1317 6
-75 2
+1 2
+1 1
-6 2
+1 1
-88 3
+1 1
+50 2
-1 2
+1 4
-1 2
+2 4
+1 1
+3 2
+1 2
-1 2
+1 2
+1 2
+1 6
+1 2
-45 3
+9 1
-7 1
+25 1
-28 1
+10 1
-19 3
+1 1
fi=(3)
68 4
+3 4
+1 1
+1 3
fe=(2)
2559 1
+1 1
-1 2
+1 3
cfi=(16)
cfn=(36)
calls=1 24 
* 31
* 2
-56 4
cfi=(16)
cfn=(36)
calls=1 24 
* 18
* 2
+7 4
cfi=(16)
cfn=(36)
calls=1 24 
* 36
* 2
+2 3
+49 3
1322 2
cfi=(24)
cfn=(66) _dl_init_paths
calls=1 689 
* 1775
+3 3
cfi=(30)
cfn=(88)
calls=1 50 
* 17
+7 1
-7 1
+2 1
+5 1
+3 3
+1 1
+3 1
-3 3
+1 2
+3 1
+5 1
-7 1
+7 1
+1 5
+17 2
+1 2
+5 1
-3 3
+2 1
+1 3
+5 3
+1 5
+2 2
+1 2
+5 2
+6 4
+1 1
-2 1
884 1
1390 1
1569 1
cfi=(31)
cfn=(90) _dl_count_modids
calls=1 115 
* 4
* 1
+8 3
+3 2
+4 3
+5 2
+1 1
cfi=(30)
cfn=(92)
calls=1 74 
* 1
+1 1
+4 3
+15 3
+4 1
-2 1
+2 2
+2 3
+1 1
-1 2
+1 1
cfn=(94) handle_ld_preload
calls=1 836 
* 2575
* 1
+1 4
+2 2
+10 3
cfi=(26)
cfn=(70)
calls=1 27 
* 9
* 2
+77 1
-96 1
+96 3
+17 3
+1 1
-1 1
+1 2
-1 1
+1 5
cfi=(45)
cfn=(134) _dl_map_object_deps
calls=1 161 
* 7278
+1 1
+5 1
-5 3
+2 2
+3 6
+1 3
-1 2
+1 9
-1 6
+4 3
+1 3
+1 1
+2 2
+1 6
-1 5
+1 7
-1 3
-3 1
+17 1
-1 1
+1 1
-1 1
+1 1
+2 1
+2 3
+2 1
-4 1
+5 1
-1 2
+14 2
+1 2
+1 3
+11 2
+2 2
-1 1
-1 3
+2 4
cfi=(33)
cfn=(152)
calls=1 217 
* 2969
+10 1
+1 1
-1 1
+1 1
+1 1
cfn=(162)
calls=1 680 
* 539
* 1
+2 2
798 1
fi=(167) /build/glibc-itYbWN/glibc-2.26/elf/../sysdeps/unix/sysv/linux/dl-osinfo.h
64 2
fe=(2)
800 1
fi=(167)
77 1
fe=(2)
809 1
+7 1
-5 1
1807 3
2037 3
2207 4
+2 1
+7 3
cfi=(31)
cfn=(270) _dl_allocate_tls_init
calls=1 444 
* 144
+3 2
-61 3
+7 1
+2 7
+2 1
+2 12
+5 8
+2 8
+6 4
+2 8
+1 24
cfi=(50) /build/glibc-itYbWN/glibc-2.26/elf/dl-reloc.c
cfn=(168) _dl_relocate_object
calls=3 149 
* 106831
+4 14
-22 10
+25 4
+2 1
+6 1
-6 1
+6 1
-10 2
cfi=(31)
cfn=(268) _dl_add_to_slotinfo
calls=1 896 
* 20
* 1
-12 1
+1 1
-3 2
+50 3
+2 2
+15 1
+2 1
-2 2
+3 1
-3 1
+3 1
-3 1
+3 3
cfi=(50)
cfn=(168)
calls=1 149 
* 5076
+1 4
+2 2
+8 1
cfi=(7)
cfn=(272)
calls=1 260 
* 1
+4 3
+20 3
cfi=(30)
cfn=(88)
calls=1 50 
* 8
+1 1
-1 1
+2 1
cfi=(30)
cfn=(92)
calls=1 74 
* 1
+1 1
+4 1
cfi=(47)
cfn=(274)
calls=1 325 
* 15
+5 8
2093 1
+11 1
-7 1
-4 1
+4 3
+4 2
+3 1
1750 2
1311 4
+6 1
cfi=(11)
cfn=(62) _dl_discover_osversion
calls=1 45 
* 94
* 2
1711 5
+1 1
-1 3
+4 3
+1 1
+1 2
+1 2

fn=(2)
444 9
+18 4
fi=(3)
48 1
fe=(2)
462 1
fi=(5)
59 3
fi=(3)
-11 1
fe=(2)
488 1
-3 1
fi=(3)
48 1
+25 2
-3 1
-19 1
+12 1
+5 1
+5 1
-2 1
-1 1
-3 2
-3 16
+10 4
-26 12
+16 13
+10 13
-26 39
+26 1
-26 3
+2 36
+13 20
+2 4
+16 2
+20 4
+1 4
+1 4
+1 4
+2 4
+5 4
+1 4
+1 4
+6 3
+5 2
+7 3
+1 3
+8 3
+2 3
+3 2
+1 2
fe=(2)
499 2
393 1
506 1
393 1
cfi=(6)
cfn=(10)
calls=1 959 
* 23
+1 2
+1 2
+1 2
+1 2
+8 1
+9 1
-9 3
+9 1
-6 1
-3 1
+9 1
cfi=(7)
cfn=(12)
calls=1 88 
* 153709
* 1
+9 4
+3 1
+4 1
-4 1
+4 1
531 9
fi=(3)
68 4
fe=(2)
504 1
fi=(5)
79 1
fe=(2)
504 25
fi=(4) /build/glibc-itYbWN/glibc-2.26/elf/do-rel.h
84 1
+27 1
-28 1
+28 2
+1 2
fi=(5)
558 2
fi=(4)
112 64
fi=(5)
558 64
+1 66
fi=(4)
111 66
fi=(5)
559 33
fi=(4)
111 33
+5 2
+8 1
fi=(5)
353 1
+87 1
fi=(4)
124 2
+12 1
+3 2
-3 1
fi=(5)
291 1
fi=(4)
136 1
fi=(5)
319 1
fi=(4)
137 2
fi=(5)
319 1
fi=(4)
136 6
+3 12
-3 6
fi=(5)
291 6
fi=(4)
136 6
fi=(5)
319 6
fi=(4)
137 12
fi=(5)
319 6
+9 14
+3 7
-3 14
+3 21
+22 42
fi=(3)
71 4
+1 1
+1 2
fi=(4)
+51 22
fi=(5)
372 21
fe=(2)

fn=(52)
783 8

fn=(54)
789 8

fn=(94)
836 8
+1 1
-1 1
-75 1
+86 1
-86 5
+80 2
+3 3
cfi=(32)
cfn=(96)
calls=1 30 
* 218
* 1
+1 3
+9 1
121 1
856 2
121 2
858 2
-97 5
-10 1
+4 1
+1 1
+1 1
+2 1
+2 1
cfi=(33)
cfn=(100)
calls=1 175 
* 2269
* 1
+1 3
+8 3
+89 1
-18 2
+21 9
-15 4
cfi=(20)
cfn=(48)
calls=1 131 
* 18
+1 2

fn=(154)
620 2
+2 4
cfi=(49)
cfn=(156)
calls=1 380 
* 2944
* 2
+4 2

fl=(24)
fn=(78) fillin_rpath
444 2
+2 1
-2 14
+4 3
cfi=(19)
cfn=(80)
calls=1 265 
* 238
* 3
cfi=(19)
cfn=(80)
calls=1 265 
* 6
* 6
+7 2
+35 17
+1 8
+55 2
+2 2
cob=(2)
cfi=(18)
cfn=(84)
calls=1 0 
* 7
* 1
-39 2
+4 8
-1 1
cfi=(19)
cfn=(46)
calls=1 50 
* 18
* 1
+3 1
-3 1
+3 3
+5 1
+1 3
-2 1
+2 1
cfi=(20)
cfn=(72)
calls=1 117 
* 12
+3 1
-3 1
+3 1
-2 1
+2 1
+6 4
+1 11
+1 5
-1 19
+1 6
-1 1
+1 1
-1 3
+1 1
-1 2
+4 1
-1 2
+1 1
+7 1
+1 2
383 3
cfi=(28)
cfn=(76)
calls=1 24 
* 23
* 2
+4 2
cfi=(29)
cfn=(82)
calls=1 40 
* 62
* 1
+74 2
+5 2
cfi=(13)
cfn=(28)
calls=1 79 
* 16
+1 2
+7 6
+4 1
+1 1
+4 4
+26 2
+43 1
+3 11
-24 2
+9 2

fn=(106)
2149 21
+8 3
-8 6
+8 3
+1 12
+3 42
+5 49
+2 21
cfi=(35)
cfn=(108)
calls=7 284 
* 789
* 14
+4 12
+1 18
+3 2
+1 2
+1 2
-1 2
+1 2
cfi=(21)
cfn=(56)
calls=2 144 
* 48
* 4
2460 27
2195 4
+9 2
-53 2
+53 4
+36 4
-2 2
+2 2
cfi=(28)
cfn=(76)
calls=2 24 
* 46
* 4
2391 2
383 3
cfi=(28)
cfn=(76)
calls=1 24 
* 47
* 2
+4 2
cfi=(29)
cfn=(82)
calls=1 40 
* 88
2392 1
-3 1
+3 2
+4 10
cfn=(110) open_verify.constprop.7
calls=1 1677 
* 295
+3 2
-3 1
+3 3
+12 3
+46 1
+1 4
-1 1
+1 8
cfn=(116) _dl_map_object_from_fd
calls=1 893 
* 1363
-1 1
+1 4
-1 1
+1 8
cfn=(116)
calls=1 893 
* 1716
* 6
2244 2
cfi=(13)
cfn=(28)
calls=1 79 
* 16
* 1
+2 1
-2 1
+2 1
+7 4
+35 2
+1 14
cfn=(138) open_path
calls=1 2000 
* 1383
+6 2
-6 1
+6 1
666 1
2296 1
666 2
2383 2
+28 3
+2 4
2257 1
+8 2
-8 1
+8 1
-8 1
+8 7
-3 3
666 1
2263 1
666 2
2318 1
-14 1
+14 1
+2 3
+4 2
cfi=(47)
cfn=(142)
calls=1 186 
* 1414
+2 1
-2 1
+2 1
+4 2
+8 3
+23 9
cfn=(110)
calls=1 1677 
* 370
+4 1
-4 1
+4 3
+1 3
-89 5
+1 7
666 1
2279 1
666 2

fn=(138)
2000 8
+1 1
+6 1
-6 1
+6 1
+5 9
-7 1
-1 1
+8 7
+74 5
-71 3
+9 4
+7 4
-12 1
+12 1
cfi=(20)
cfn=(72)
calls=1 117 
* 12
* 1
+33 5
-12 16
-20 43
+3 16
+4 64
cfi=(20)
cfn=(72)
calls=8 117 
* 101
* 32
cfi=(20)
cfn=(72)
calls=8 117 
* 96
+3 16
+3 24
+3 72
cfn=(110)
calls=8 1677 
* 440
* 8
+2 40
+91 9
-24 7
+7 1
-2 1
+2 3
+3 3
-13 2
-57 16
+1 72
+6 16
+2 16
-2 16
+2 16
cfi=(46) /build/glibc-itYbWN/glibc-2.26/io/../sysdeps/unix/sysv/linux/wordsize-64/xstat.c
cfn=(140) _xstat
calls=8 34 
* 101
* 16
+1 1
+2 1
-2 1
+2 7
+7 2
-7 7
+7 14
-30 7
+23 14

fn=(110)
1677 110
+39 10
-39 30
+39 38
+31 40
cfi=(36)
cfn=(112)
calls=10 32 
* 184
+2 10
-2 10
+2 12
+10 2
+1 4
+5 16
cfi=(37) /build/glibc-itYbWN/glibc-2.26/io/../sysdeps/unix/sysv/linux/read.c
cfn=(114) read
calls=2 26 
* 12
+2 4
+2 2
+2 2
-2 4
+2 2
+6 4
+16 8
cfi=(16)
cfn=(36)
calls=2 24 
* 57
* 18
cfi=(16)
cfn=(36)
calls=2 24 
* 72
* 6
+74 4
+5 4
+2 8
+6 4
+11 4
+6 2
+1 2
-1 6
+1 6
+1 4
+20 82
+2 36
+4 8
+1 6
+13 2
+1 2
-1 2
+1 2
-1 2
+1 2
-2 2
+4 6
+5 1
+1 1
-13 4
cfi=(16)
cfn=(36)
calls=1 24 
* 25
* 8
cfi=(16)
cfn=(36)
calls=2 24 
* 60
* 6
+16 2
+3 1
+1 3
+1 1
-1 1
-1 1
+3 3
+1 5
+5 8
+23 90
1786 2
+7 4
cfi=(16)
cfn=(36)
calls=1 24 
* 24
* 2

fn=(116)
893 22
+10 2
-10 2
+10 2
-10 6
+10 2
cfi=(30)
cfn=(88)
calls=2 50 
* 16
fi=(38) /build/glibc-itYbWN/glibc-2.26/elf/../sysdeps/posix/dl-fileid.h
37 6
fe=(24)
903 2
fi=(38)
37 2
cfi=(39) /build/glibc-itYbWN/glibc-2.26/io/../sysdeps/unix/sysv/linux/wordsize-64/fxstat.c
cfn=(120) _fxstat
calls=2 -3 
* 18
* 4
+4 2
fe=(24)
919 2
fi=(38)
40 2
+1 2
fe=(24)
919 29
+1 10
fi=(38)
49 12
fe=(24)
1425 18
937 4
+24 8
+10 4
+22 8
+32 4
904 2
1028 14
cfi=(17)
cfn=(38)
calls=2 61 
* 774
+1 2
-1 2
+1 2
+11 4
+5 2
-5 2
+1 4
+1 2
+2 2
-2 2
+2 4
+1 6
+1 2
+19 2
-2 2
+10 2
-8 12
+8 2
-8 4
+8 2
+91 20
-90 32
-1 102
+1 95
+6 4
+1 6
+1 2
+3 2
+1 1
+5 20
+5 32
+9 12
-1 12
+1 4
+1 8
+2 4
-2 4
+1 4
-1 4
+3 4
+4 4
-7 4
+2 4
+1 4
+4 4
+1 12
+5 2
-1 2
+1 2
-15 2
+14 2
+1 10
+10 2
-10 2
-1 2
+1 2
-15 2
+14 2
+1 10
+10 2
+3 3
+4 1
+1 1
+1 1
-1 2
+1 1
+3 3
+1 1
+3 1
-3 1
+7 4
+6 1
cfi=(31)
cfn=(150) _dl_next_tls_modid
calls=1 52 
* 6
* 2
+1 1
+19 4
+1 6
+1 2
-6 4
+1 2
+8 8
1041 2
1189 2
1041 2
1189 2
+10 4
fi=(41) /build/glibc-itYbWN/glibc-2.26/elf/./dl-map-segments.h
56 2
fe=(24)
1199 4
fi=(41)
56 2
fe=(24)
1199 4
fi=(41)
56 8
-6 4
fe=(24)
1199 6
fi=(41)
56 2
cfi=(40)
cfn=(122)
calls=2 -12 
* 74
+4 2
-4 2
+4 4
+3 4
+1 2
+2 2
-2 2
-1 2
+3 2
+14 4
fi=(43) /build/glibc-itYbWN/glibc-2.26/elf/./dl-load.h
+10 8
+1 6
+2 8
fi=(41)
+11 16
+6 2
+2 2
-2 2
+1 2
+2 4
-1 8
+8 4
+17 4
+12 4
-59 20
+2 8
fe=(24)
1211 8
+9 4
fi=(3)
42 2
fe=(24)
1220 2
fi=(3)
42 2
+6 2
-2 2
+2 4
+15 2
+5 2
+3 2
-1 2
-3 2
-3 36
+10 8
-26 24
+16 35
+10 35
-26 105
+26 2
-26 6
+2 90
+13 40
+2 8
+3 8
+13 4
+20 7
+1 8
+1 8
+1 8
+2 8
+5 8
+1 7
+1 8
+6 6
+5 4
+7 4
+1 6
+16 6
+5 1
+2 1
-2 1
+2 1
+2 2
+2 2
+3 6
+10 1
-8 4
+8 1
+5 2
+3 4
fe=(24)
1227 4
+15 6
+19 4
+2 10
+54 6
+1 2
+3 2
cfi=(44) /build/glibc-itYbWN/glibc-2.26/io/../sysdeps/unix/sysv/linux/close.c
cfn=(132) close
calls=1 26 
* 6
* 2
cfi=(44)
cfn=(132)
calls=1 26 
* 6
* 4
+9 4
+2 6
+2 2
-2 2
+2 2
+16 4
cfi=(6)
cfn=(10)
calls=2 959 
* 46
+4 4
+1 4
+17 4
+9 2
-5 6
+5 2
+10 4
+10 6
cfi=(17)
cfn=(50)
calls=2 32 
* 82
+4 6
fi=(3)
71 8
+1 2
+1 8
fe=(24)
1373 2
fi=(41)
123 4
+8 16
cfi=(27)
cfn=(74)
calls=2 -22 
* 256
* 8
-58 20
cfi=(42)
cfn=(126) mprotect
calls=2 +11 
* 10
* 6
+21 26
cfi=(40)
cfn=(122)
calls=2 -50 
* 66
* 6
fi=(43)
* 5
+2 1
-1 3
+1 1
-1 1
+1 2
-1 2
+3 4
fi=(41)
+43 9
cfi=(40)
cfn=(122)
calls=1 -97 
* 33
+3 3
fe=(24)
1213 2

fn=(66)
689 1
+13 2
-13 8
+13 3
cfi=(25) /build/glibc-itYbWN/glibc-2.26/elf/dl-hwcaps.c
cfn=(68) _dl_important_hwcaps
calls=1 40 
* 710
+5 1
-5 1
+5 1
cfi=(19)
cfn=(46)
calls=1 50 
* 18
* 1
+1 1
-2 1
+2 1
+8 2
-1 1
+1 3
-1 3
+4 4
cfi=(19)
cfn=(46)
calls=1 50 
* 18
* 1
+2 1
-2 1
+2 1
+17 1
+12 1
-14 1
-9 1
+1 2
+10 1
+3 1
+9 2
-3 1
-8 1
+2 2
+1 1
+8 4
-3 5
+1 12
cfi=(27)
cfn=(74)
calls=4 109 
* 48
+2 14
-14 6
+14 3
-12 3
-2 3
+3 3
+2 3
-3 3
+4 3
+4 3
-4 3
+1 3
+3 3
+1 3
-4 3
+4 3
+14 1
-11 1
+6 1
+1 1
+5 2
+2 4
+2 3
+38 5
+6 3
cfi=(28)
cfn=(76)
calls=1 24 
* 23
* 2
+2 3
cfi=(13)
cfn=(28)
calls=1 79 
* 16
* 8
cfi=(20)
cfn=(48)
calls=1 131 
* 10
* 1
+17 6
+1 3
-1 6
+1 39
-1 79
+5 1
cfi=(19)
cfn=(46)
calls=1 50 
* 18
* 1
+1 1
-2 1
+2 1
+6 9
cfn=(78)
calls=1 444 
* 575
+4 5
+6 1
+4 8
-70 1
-2 2
+2 2
+14 2

fl=(8)
fn=(24)
37 1
-4 1
+4 3
+3 3
+4 1
-4 1
+4 1
-4 1
+3 1
+1 2
+1 4
+1 4
+1 3
+1 2
+7 2
+1 7
+7 3
+4 2
+2 4
+38 2
-34 2
+3 3
+3 1
-3 1
+3 1
+2 3
+2 2
+2 2
+5 3

fl=(14)
fn=(30)
34 4
+8 6
+4 2
+16 5

fl=(37)
fn=(114)
26 10
+1 2

fl=(35)
fn=(144)
45 2
+3 1
-3 3
+3 1
-3 3
+3 1
cfi=(36)
cfn=(112)
calls=1 -16 
* 16
+1 2
+2 5
cfi=(39)
cfn=(120)
calls=1 -17 
* 9
* 2
+2 1
+3 1
-3 1
+3 1
+13 2
cfi=(44)
cfn=(132)
calls=1 -43 
* 6
+3 7
-14 6
cfi=(40)
cfn=(122)
calls=1 -14 
* 35
* 2

fn=(108)
284 585
+1 234
cfi=(21)
cfn=(56)
calls=117 144 
* 2898
* 117
+1 117
-1 117
+3 117
+2 234
+4 118
-4 236
+1 363
cfi=(21)
cfn=(56)
calls=121 144 
* 3072
* 242
-5 3
+11 129
-1 114
+1 456

fl=(46)
fn=(140)
34 8
-1 8
+1 8
+1 48
+4 1
-4 28

fl=(50)
fn=(168)
149 40
+15 4
-15 8
+15 4
+1 24
+6 8
+6 12
-18 6
+22 6
+7 4
-32 4
+32 4
+44 4
fi=(5)
79 12
fe=(50)
232 8
fi=(5)
79 12
+6 4
+4 6
+14 2
-8 2
+10 2
-2 4
+20 4
+9 4
+2 4
+15 12
fe=(50)
259 164
-99 6
fi=(5)
326 18
fe=(50)
-67 2
fi=(4)
58 2
-10 2
-1 4
+11 4
fe=(50)
259 2
-99 6
fi=(5)
326 18
fe=(50)
-67 2
fi=(4)
58 2
-10 2
-1 4
+11 4
fe=(50)
259 4
fi=(4)
58 4
-10 4
-1 8
+11 8
+3 8
fi=(5)
569 14
+4 14
+2 21
+1 7
fi=(4)
61 135
+2 184
+2 119
-4 3
+13 4
+1 5
+1 78
fi=(5)
569 39
+24 39
fi=(4)
75 39
fi=(5)
593 39
+2 39
cob=(3)
cfi=(73) /build/glibc-itYbWN/glibc-2.26/time/../sysdeps/unix/sysv/linux/x86/gettimeofday.c
cfn=(264) gettimeofday
calls=1 42 
* 76
cob=(3)
cfi=(54) /build/glibc-itYbWN/glibc-2.26/string/../sysdeps/x86_64/multiarch/ifunc-strcasecmp.h
cfn=(260) strncasecmp_l
calls=1 32 
* 6
cob=(3)
cfi=(56) /build/glibc-itYbWN/glibc-2.26/string/../sysdeps/x86_64/multiarch/ifunc-avx2.h
cfn=(258) strchrnul
calls=1 32 
* 8
cob=(3)
cfi=(53) /build/glibc-itYbWN/glibc-2.26/string/../sysdeps/x86_64/multiarch/ifunc-unaligned-ssse3.h
cfn=(256) stpcpy
calls=1 33 
* 9
cob=(3)
cfi=(53)
cfn=(254) stpncpy
calls=1 33 
* 9
cob=(3)
cfi=(66) /build/glibc-itYbWN/glibc-2.26/string/../sysdeps/x86_64/multiarch/ifunc-sse4_2.h
cfn=(252) strspn
calls=1 30 
* 6
cob=(3)
cfi=(60) /build/glibc-itYbWN/glibc-2.26/wcsmbs/../sysdeps/x86_64/multiarch/ifunc-avx2.h
cfn=(250) wcslen
calls=1 32 
* 8
cob=(3)
cfi=(56)
cfn=(248) memchr
calls=1 32 
* 8
cob=(3)
cfi=(54)
cfn=(244) strcasecmp_l
calls=1 32 
* 6
cob=(3)
cfi=(56)
cfn=(242) memrchr
calls=1 32 
* 8
cob=(3)
cfi=(56)
cfn=(240) strlen
calls=1 32 
* 8
cob=(3)
cfi=(70) /build/glibc-itYbWN/glibc-2.26/string/../sysdeps/x86_64/multiarch/strchr.c
cfn=(238) index
calls=1 40 
* 8
cob=(3)
cfi=(66)
cfn=(236) strpbrk
calls=1 30 
* 6
cob=(3)
cfi=(69) /build/glibc-itYbWN/glibc-2.26/wcsmbs/../sysdeps/x86_64/multiarch/ifunc-wmemset.h
cfn=(234) wmemset
calls=2 32 
* 26
cob=(3)
cfi=(68) /build/glibc-itYbWN/glibc-2.26/wcsmbs/../sysdeps/x86_64/multiarch/wcsnlen.c
cfn=(232) wcsnlen
calls=1 40 
* 7
cob=(3)
cfi=(52) /build/glibc-itYbWN/glibc-2.26/string/../sysdeps/x86_64/multiarch/ifunc-memmove.h
cfn=(230) memcpy@@GLIBC_2.14
calls=1 44 
* 16
cob=(3)
cfi=(53)
cfn=(228) strcpy
calls=1 33 
* 9
cob=(3)
cfi=(54)
cfn=(224) strncasecmp
calls=1 32 
* 6
cob=(3)
cfi=(66)
cfn=(222) strcspn
calls=1 30 
* 6
cob=(3)
cfi=(56)
cfn=(220) strnlen
calls=2 32 
* 16
cob=(3)
cfi=(60)
cfn=(218) wcschr
calls=2 32 
* 16
cob=(3)
cfi=(65) /build/glibc-itYbWN/glibc-2.26/string/../sysdeps/x86_64/multiarch/ifunc-memset.h
cfn=(216) memset
calls=1 42 
* 16
cob=(3)
cfi=(64) /build/glibc-itYbWN/glibc-2.26/string/../sysdeps/x86_64/multiarch/strcmp.c
cfn=(214) strcmp
calls=1 38 
* 9
cob=(3)
cfi=(63) /build/glibc-itYbWN/glibc-2.26/string/../sysdeps/x86_64/multiarch/strncmp.c
cfn=(212) strncmp
calls=1 38 
* 8
cob=(3)
cfi=(61) /build/glibc-itYbWN/glibc-2.26/string/../sysdeps/x86_64/multiarch/ifunc-memcmp.h
cfn=(208) bcmp
calls=1 33 
* 13
cob=(3)
cfi=(52)
cfn=(206) mempcpy
calls=1 44 
* 16
cob=(3)
cfi=(60)
cfn=(204) wmemchr
calls=2 32 
* 16
cob=(3)
cfi=(56)
cfn=(202) rawmemchr
calls=1 32 
* 8
cob=(3)
cfi=(57) /build/glibc-itYbWN/glibc-2.26/time/../sysdeps/unix/sysv/linux/x86/time.c
cfn=(196) time
calls=1 43 
* 76
cob=(3)
cfi=(56)
cfn=(194) rindex
calls=1 32 
* 8
cob=(3)
cfi=(53)
cfn=(192) strcat
calls=1 33 
* 9
cob=(3)
cfi=(54)
cfn=(188) strcasecmp
calls=1 32 
* 6
cob=(3)
cfi=(53)
cfn=(186) strncpy
calls=1 33 
* 9
cob=(3)
cfi=(52)
cfn=(184) memmove
calls=2 44 
* 32
fi=(4)
75 39
fi=(5)
596 39
fi=(4)
75 42
fe=(50)
259 2
fi=(4)
75 14
fe=(50)
259 14
+3 16
+24 4
+3 8
+17 12
+2 32
fi=(4)
84 6
-1 12
+3 24
+12 18
+10 8
+3 11
fi=(5)
553 3
fi=(4)
112 6
fi=(5)
553 1206
fi=(4)
112 2400
fi=(5)
553 2400
+5 2406
+1 2406
fi=(4)
111 2406
fi=(5)
559 1203
fi=(4)
111 1203
+7 18
+3 5
+3 5
-3 5
+3 11
fi=(5)
509 12
fi=(4)
127 568
+9 284
+1 142
-1 142
+2 142
-2 142
+3 142
-2 142
+2 142
fi=(5)
294 142
fi=(4)
137 284
+2 142
fi=(5)
294 142
+21 284
+4 284
+7 568
fi=(51)
102 375
fi=(5)
326 2075
fi=(4)
138 121
fi=(5)
326 242
fi=(4)
138 121
fi=(5)
326 121
fi=(4)
138 121
fi=(5)
326 242
fi=(4)
138 1
fi=(5)
326 2
fi=(4)
138 1
fi=(5)
326 1
fi=(4)
138 1
fi=(5)
326 1466
cfi=(6)
cfn=(176)
calls=122 810 
* 77979
* 732
+2 375
+3 138
-3 276
+3 414
+22 994
fe=(50)
178 8
+3 3
fi=(5)
476 496
fi=(4)
124 432
+19 6
fi=(5)
326 189
448 51
+4 85
+5 17
+9 17
-9 34
+9 34
+49 3
+4 7
cfi=(20)
cfn=(48)
calls=1 131 
* 10
+2 3
+1 1
fe=(50)
314 24
+3 4
-3 4
+3 4
+4 8
+1 12
cfi=(42)
cfn=(126)
calls=4 84 
* 20
* 12
-63 6
fi=(5)
+75 20
+3 8
+1 12
+1 8
+4 4
+7 4
cob=(3)
cfi=(57)
cfn=(196)
calls=1 43 
* 76
cob=(3)
cfi=(52)
cfn=(230)
calls=1 44 
* 16
cob=(3)
cfi=(64)
cfn=(214)
calls=1 38 
* 9
cob=(3)
cfi=(63)
cfn=(212)
calls=1 38 
* 8
* 12
-24 53
fi=(4)
160 7
+2 20
+9 10
-1 5
+1 5
-1 10
fi=(5)
294 5
fi=(4)
170 15
fi=(5)
294 5
+21 10
+4 10
+7 20
fi=(51)
102 15
fi=(5)
326 165
cfi=(6)
cfn=(176)
calls=5 810 
* 2476
* 30
+2 15
+3 1
-3 2
+3 3
+22 35
476 15
fi=(4)
160 15
+14 4
fi=(5)
326 21
139 12
326 15
fe=(50)

fl=(16)
fn=(36)
24 13
+1 13
+1 13
+1 13
+1 13
+1 13
+1 13
+1 13
+3 13
+1 13
+1 5
+1 5
+1 5
+1 5
+1 5
+1 5
+1 5
+2 12
+1 12
+1 4
+1 4
+1 4
+1 4
+1 4
+1 4
+1 4
+2 12
+1 12
+1 5
+1 5
+1 5
+1 5
+1 2
+1 2
+1 2
+2 9
+1 9
+1 5
+1 5
+1 5
+1 5
+5 4
+1 4
+1 4
+1 4
+1 4
+1 4
+1 4
+1 2
+1 2
+1 2
+1 2
+1 2
+7 2
+2 3
+4 8
+1 8
+1 1
+1 1
+1 1
+1 1
+1 1
+1 1
+1 1
+1 1
+1 1
+1 1
+1 1
+4 9
+1 9

fl=(39)
fn=(120)
34 6
+1 18
+4 3

fl=(107)
fn=(418)
178 8
+4 3
+1 4
+1 12
+1 2
-2 6
+5 2
+4 7

fl=(42)
fn=(126)
84 24
+1 6

fn=(276)
84 4
+1 1

fl=(45)
fn=(136)
60 4
+7 2
-4 2
+2 2
-2 4
+2 2
-2 2
+2 4
-2 4
cfi=(24)
cfn=(106)
calls=2 2149 
* 5821
* 2
+5 4

fn=(134)
161 1
-1 1
+1 1
-1 4
+1 1
-1 2
+1 1
-1 2
+1 1
-1 2
+1 1
-9 1
+9 2
-15 1
+6 3
+26 1
-17 1
-17 1
+1 1
+1 1
+6 1
+26 4
-32 1
+33 1
-35 3
+2 2
-1 1
+1 2
+6 3
+26 1
-26 1
+26 5
+4 1
+21 1
+1 1
-22 2
+19 1
-12 1
+15 1
-16 2
+13 1
317 7
217 1
-4 1
+4 5
-4 3
+4 6
+12 8
+2 2
+11 2
-5 2
-6 4
+5 2
+2 4
+1 4
+3 12
+75 6
-25 4
+1 4
-51 204
+1 102
+6 10
cfi=(28)
cfn=(76)
calls=2 24 
* 70
* 4
+5 10
-3 2
+3 2
cfi=(33)
cfn=(100)
calls=2 -79 
* 5967
* 2
+2 6
+15 2
+2 4
+5 2
+6 2
+2 2
-8 4
+3 2
+1 2
+1 2
+1 2
+4 12
+7 147
459 8
+2 6
+3 4
-1 2
cfi=(19)
cfn=(46)
calls=2 50 
* 36
* 2
+2 2
-2 2
+2 2
+4 8
-1 2
+1 2
cfi=(20)
cfn=(48)
calls=2 131 
* 20
+1 12
cfi=(20)
cfn=(48)
calls=2 131 
* 20
+4 2
-1 2
+5 16
+3 9
-1 4
+1 8
+4 2
202 1
485 2
+4 5
+11 3
-1 1
cfi=(19)
cfn=(46)
calls=1 50 
* 18
* 1
+3 1
-3 1
+3 1
+5 7
+1 9
+8 8
+4 8
-4 4
-6 13
+13 2
+51 3
+2 3
+42 1
-4 1
+5 2
-1 4
+1 2
cfi=(27)
cfn=(74)
calls=1 109 
* 13
* 2
-2 9
+7 1
+6 1
-7 1
+1 1
+6 1
-7 3
+7 1
-13 2
+7 2
+6 2
-7 2
+1 2
+6 2
-7 6
+7 4
+2 8
+1 4
-1 4
+1 3
+2 9
+1 6
+28 18
cfi=(27)
cfn=(74)
calls=2 109 
* 32
* 12
485 3
+1 2
658 3
-28 6
+31 10
-6 2
+16 2
+2 1
+1 1
-1 1
+2 3
+7 3
+3 3
+3 8
229 8
-19 4
+8 25
+2 2
+2 6
+2 28
+84 9
611 8
cfi=(20)
cfn=(48)
calls=1 131 
* 10
+2 1
-38 1
+38 1

fl=(20)
fn=(48)
131 15
+2 15
+1 15
+1 8
+1 8
+5 5
+1 5
+1 5
+1 5
+5 5
271 7
+1 7
+1 1
+1 1
+1 1
+1 1
+1 1
+1 1
+1 1
+2 1
+22 6
+1 6
+1 6
+1 6
+1 6
+24 3
+1 3
+1 3
+1 3
+22 3
+1 3
+1 3
+1 3
+1 3
+1 3
+1 3
+1 3
+2 3

fn=(72)
117 26
+1 26
+1 26
+14 26
+1 26
+1 4
+1 4
+5 3
+1 3
+1 3
+1 3
+5 3
271 22
+1 22
+1 8
+1 8
+1 3
+1 3
+1 1
+4 1
+22 14
+1 14
+1 14
+1 14
+1 14
+3 5
+1 5
+1 5
+1 5
+1 5
+3 2
+1 2
+1 2
+1 2
+1 2
+10 1
+1 1
+1 1
+1 1
+22 1
+1 1
+1 1
+1 1
+1 1
+1 1
+1 1
+1 1
+2 1

fl=(31)
fn=(150)
52 4
+48 2

fn=(270)
444 8
+1 1
-1 1
+1 1
+4 1
+6 2
-6 1
+6 1
+12 1
-15 1
-1 1
+16 2
+5 8
+6 16
+3 1
+1 2
+6 3
+3 1
-2 2
+2 4
+1 1
+3 2
-1 2
+4 2
+1 4
+2 2
+1 2
+9 1
+3 3
cfi=(20)
cfn=(72)
calls=1 117 
* 12
* 5
cfi=(27)
cfn=(74)
calls=1 109 
* 33
* 3
-42 3
+56 3
+3 8

fn=(166)
338 1
+2 1
-2 2
+13 1
+1 2
cfi=(19)
cfn=(46)
calls=1 50 
* 18
* 1
+1 3
+8 2
-71 1
+71 2
+1 1
+4 297
+19 1
-96 2
+1 2
cfi=(19)
cfn=(42)
calls=1 92 
* 27
* 1
+1 2
+3 1
+6 2
+91 5

fn=(268)
896 4
+9 1
-3 2
+8 3
+42 3
-1 1
+1 2
+1 4

fn=(90)
115 2
+1 2

fn=(164)
144 1
-6 5
+6 2
+3 2
+36 3
+2 10
+3 1
-1 1
+5 2
-4 1
-1 2
+3 2
+2 3
+16 2
+3 2
-3 5
+2 2
+10 1
-37 2
+25 1
-25 7
+40 1
+1 1
+52 1
-1 1
+1 5

fl=(11)
fn=(62)
45 7
+2 4
+85 8
-45 3
cfi=(23)
cfn=(64)
calls=1 -3 
* 5
* 1
+15 1
-15 1
+20 1
-1 1
+3 12
+4 3
-2 6
+2 10
+2 1
+1 2
-3 4
+7 3
-1 3
+4 3
-2 3
+2 10
+5 2

fl=(25)
fn=(68)
40 4
+1 1
-1 4
+4 1
-4 4
+1 4
-1 1
+1 1
cfi=(9)
cfn=(26)
calls=1 379 
* 17
* 1
+3 2
+9 2
-12 1
+12 4
+1 2
-1 8
+1 2
-1 8
+10 4
169 3
+5 2
-4 4
+2 1
fi=(168) /build/glibc-itYbWN/glibc-2.26/elf/../sysdeps/x86/dl-hwcap.h
57 2
fe=(25)
172 2
fi=(168)
57 3
fe=(25)
172 1
+1 1
cfi=(13)
cfn=(28)
calls=1 -94 
* 16
+1 4
-5 1
+4 1
+2 1
-1 2
-5 4
-52 4
cfi=(26)
cfn=(70)
calls=1 -90 
* 9
* 3
315 2
177 3
+2 2
+1 5
+4 2
+4 1
-4 1
+1 1
+3 1
+3 2
+4 6
+1 1
-1 8
+1 1
+2 5
+2 2
-1 1
+1 1
-1 1
+2 2
+2 1
+11 9
-6 1
+7 2
-7 1
+7 2
cfi=(19)
cfn=(46)
calls=1 50 
* 18
* 1
+1 1
-1 1
+1 2
+29 3
+10 3
+10 2
-10 10
+10 7
-4 2
-3 1
+3 2
cfi=(20)
cfn=(72)
calls=1 117 
* 16
* 2
-3 1
+3 2
cfi=(20)
cfn=(72)
calls=1 117 
* 16
+3 2
-3 7
+3 2
+1 12
+1 4
cfi=(20)
cfn=(72)
calls=1 117 
* 14
-2 1
+2 2
-2 1
+5 6
cfi=(20)
cfn=(72)
calls=2 117 
* 28
+2 2
-2 4
+2 2
+5 8
-12 2
+12 1
+1 2
-1 9
+1 14
-1 19
+5 11
+4 3
-4 14
+4 33
+1 12
-1 12
+1 24
-2 12
+1 24
-1 39
+4 6
+3 1
+2 2
-1 1
-1 2
+2 6
+2 6
+1 2
+3 2
-6 11
+13 2
+1 1
-1 1
+3 2
-3 6
+1 3
-1 3
+3 6
+3 3
+3 1
-1 1
+1 8
-16 2
-6 3
115 1
+17 1
+1 1
-1 9
+87 2

fl=(44)
fn=(132)
26 15
+1 3

ob=(4)
fl=(75)
fn=(288)
0 17

ob=(5)
fl=(90) /home/manekin/Desktop/SO/src/main.c
fn=(680) RegularCopy
212 32
+4 20
cob=(3)
cfi=(157) /build/glibc-itYbWN/glibc-2.26/io/../sysdeps/unix/sysv/linux/open64.c
cfn=(684) open
calls=4 29 
* 108
* 4
* 4
+1 8
+5 20
cfi=(84)
cfn=(686) fstat
calls=4 0 
* 56
* 8
+5 24
cob=(3)
cfi=(157)
cfn=(684)
calls=4 29 
* 112
* 4
* 4
+1 8
+8 8
+9 24
cob=(3)
cfi=(159) /build/glibc-itYbWN/glibc-2.26/io/../sysdeps/unix/sysv/linux/write.c
cfn=(696) write
calls=4 26 
* 36
* 4
* 4
+1 8
+5 12
-16 48
cob=(3)
cfi=(158) /build/glibc-itYbWN/glibc-2.26/io/../sysdeps/unix/sysv/linux/read.c
cfn=(692) read
calls=8 26 
* 72
* 8
* 24
+22 20
cfn=(698) SyncModTime
calls=4 123 
* 148
* 8
+6 12
cob=(3)
cfi=(160) /build/glibc-itYbWN/glibc-2.26/io/../sysdeps/unix/sysv/linux/close.c
cfn=(708) close
calls=4 26 
* 36
* 4
* 8
+5 12
cob=(3)
cfi=(160)
cfn=(708)
calls=4 26 
* 36
* 4
* 8
+5 4
+1 20

fn=(718) Contains
70 5
+1 3
+1 1
+1 6
cob=(3)
cfi=(141) /build/glibc-itYbWN/glibc-2.26/string/../sysdeps/x86_64/multiarch/../strcmp.S
cfn=(586) __strcmp_ssse3
calls=1 +71 
* 24
* 1
* 2
+1 2
-2 2
+9 2

fn=(722) CopyAllFilesFromList
310 6
+1 1
+1 1
+2 3
+1 1
+1 18
cfn=(658) AppendToPath
calls=3 -17 
* 3874
* 3
+1 18
cfn=(658)
calls=3 -18 
* 3307
* 3
+2 15
cfn=(678) Copy
calls=3 -42 
* 13967340
* 6
+5 9
cob=(3)
cfi=(102)
cfn=(514)
calls=3 3107 
* 459
* 3
+1 9
cob=(3)
cfi=(102)
cfn=(514)
calls=3 3107 
* 519
* 3
+1 9
-11 8
+14 1
+1 2

fn=(344) main
743 8
+1 6
cob=(3)
cfi=(91) /build/glibc-itYbWN/glibc-2.26/string/../sysdeps/x86_64/multiarch/strcmp-sse42.S
cfn=(348) __strncmp_sse42
calls=1 158 
* 27
* 1
* 7
+1 3
+1 3
+5 3
cob=(3)
cfi=(92) /build/glibc-itYbWN/glibc-2.26/signal/../sysdeps/posix/signal.c
cfn=(352) signal
calls=1 34 
* 167
* 1
* 2
+5 3
cob=(3)
cfi=(92)
cfn=(352)
calls=1 34 
* 167
* 1
* 2
+8 3
+12 1
+1 1
-14 12
cob=(3)
cfi=(95) /build/glibc-itYbWN/glibc-2.26/posix/getopt.c
cfn=(362) getopt
calls=2 -28 
* 899
* 2
* 6
+21 5
cfi=(84)
cfn=(380) stat
calls=1 0 
* 15
* 2
+5 5
cfi=(84)
cfn=(380)
calls=1 0 
* 15
* 2
+5 4
+5 4
+7 2
+2 1
-2 12
cob=(3)
cfi=(100) /build/glibc-itYbWN/glibc-2.26/misc/../misc/syslog.c
cfn=(388) syslog
calls=1 113 
* 88128
* 1
+8 8
cob=(3)
cfi=(100)
cfn=(388)
calls=1 113 
* 13156
* 1
+2 5
cfn=(634) SynchronizeDirectories
calls=1 591 
* 14063348
* 2
+5 8
cob=(3)
cfi=(100)
cfn=(388)
calls=1 113 
* 13554
* 1
+1 3
cob=(3)
cfi=(165) /build/glibc-itYbWN/glibc-2.26/posix/../sysdeps/posix/sleep.c
cfn=(744) sleep
calls=1 34 
* 17
* 1

fn=(654) Append
54 20
+1 4
+1 16
+1 6
cfn=(656) CreateNode
calls=2 -20 
* 541
* 6
+10 2
-7 6
+1 2
+1 3
-1 12
+4 6
cfn=(656)
calls=2 -28 
* 284
* 6
+2 12

fn=(670) CopyDirectory
413 5
+1 1
+1 1
+2 3
cfn=(672) GetFileInfo
calls=1 111 
* 324
* 1
+2 1
+1 1
+2 6
cob=(3)
cfi=(156) /build/glibc-itYbWN/glibc-2.26/io/../sysdeps/unix/syscall-template.S
cfn=(676) mkdir
calls=1 84 
* 5
* 1
* 2
+5 6
cob=(3)
cfi=(100)
cfn=(388)
calls=1 113 
* 12914
* 1
+2 3
cob=(3)
cfi=(150) /build/glibc-itYbWN/glibc-2.26/dirent/../sysdeps/posix/opendir.c
cfn=(642) opendir
calls=1 172 
* 450
* 1
* 1
+1 2
+7 20
cob=(3)
cfi=(141)
cfn=(586)
calls=4 144 
* 116
* 4
* 23
cob=(3)
cfi=(141)
cfn=(586)
calls=3 144 
* 92
* 3
* 6
+1 1
+3 12
cfn=(658)
calls=2 299 
* 2327
* 2
+1 12
cfn=(658)
calls=2 299 
* 2100
* 2
+2 8
+1 5
cfn=(678)
calls=1 277 
* 13610
* 2
+5 4
+1 5
cfn=(671) CopyDirectory'2
calls=1 -38 
* 30719
* 2
+5 8
cob=(3)
cfi=(100)
cfn=(388)
calls=1 113 
* 13252
* 1
+3 6
cob=(3)
cfi=(102)
cfn=(514)
calls=2 3107 
* 306
* 2
+1 6
cob=(3)
cfi=(102)
cfn=(514)
calls=2 3107 
* 346
* 2
-24 15
cob=(3)
cfi=(151) /build/glibc-itYbWN/glibc-2.26/dirent/../sysdeps/posix/readdir.c
cfn=(646) readdir
calls=5 39 
* 448
* 5
* 15
+27 3
cob=(3)
cfi=(161) /build/glibc-itYbWN/glibc-2.26/dirent/../sysdeps/posix/closedir.c
cfn=(714) closedir
calls=1 34 
* 185
* 1
* 2
+5 3
cob=(3)
cfi=(102)
cfn=(514)
calls=1 3107 
* 94
* 1
+2 1
+1 2

fn=(671)
413 5
+1 1
+1 1
+2 3
cfn=(672)
calls=1 111 
* 319
* 1
+2 1
+1 1
+2 6
cob=(3)
cfi=(156)
cfn=(676)
calls=1 84 
* 5
* 1
* 2
+5 6
cob=(3)
cfi=(100)
cfn=(388)
calls=1 113 
* 12924
* 1
+2 3
cob=(3)
cfi=(150)
cfn=(642)
calls=1 172 
* 280
* 1
* 1
+1 2
+7 15
cob=(3)
cfi=(141)
cfn=(586)
calls=3 144 
* 98
* 3
* 16
cob=(3)
cfi=(141)
cfn=(586)
calls=2 144 
* 48
* 2
* 4
+1 1
+3 6
cfn=(658)
calls=1 299 
* 1064
* 1
+1 6
cfn=(658)
calls=1 299 
* 1064
* 1
+2 4
+1 5
cfn=(678)
calls=1 277 
* 13795
* 2
+14 3
cob=(3)
cfi=(102)
cfn=(514)
calls=1 3107 
* 153
* 1
+1 3
cob=(3)
cfi=(102)
cfn=(514)
calls=1 3107 
* 173
* 1
-24 12
cob=(3)
cfi=(151)
cfn=(646)
calls=4 39 
* 366
* 4
* 12
+27 3
cob=(3)
cfi=(161)
cfn=(714)
calls=1 34 
* 185
* 1
* 2
+5 3
cob=(3)
cfi=(102)
cfn=(514)
calls=1 3107 
* 94
* 1
+2 1
+1 2

fn=(634)
591 5
+1 1
+1 1
+2 1
+1 1
+2 2
cfn=(636) InitList
calls=1 46 
* 303
* 1
+1 2
cfn=(636)
calls=1 46 
* 222
* 1
+1 2
cfn=(636)
calls=1 46 
* 222
* 1
+2 1
+1 1
+4 3
cob=(3)
cfi=(150)
cfn=(642)
calls=1 172 
* 336
* 1
* 1
+1 2
+5 3
cob=(3)
cfi=(150)
cfn=(642)
calls=1 172 
* 280
* 1
* 1
+1 2
+26 30
cob=(3)
cfi=(141)
cfn=(586)
calls=6 144 
* 184
* 6
* 37
cob=(3)
cfi=(141)
cfn=(586)
calls=5 144 
* 160
* 5
* 10
+1 1
+3 16
+1 18
cfn=(654)
calls=3 54 
* 676
* 3
+2 7
+1 6
cfn=(654)
calls=1 54 
* 250
+2 6
cfn=(658)
calls=1 299 
* 1185
* 1
+1 6
cfn=(658)
calls=1 299 
* 1180
* 1
+1 5
cfn=(635) SynchronizeDirectories'2
calls=1 -61 
* 79199
* 2
-13 21
cob=(3)
cfi=(151)
cfn=(646)
calls=7 39 
* 620
* 7
* 21
+21 1
+1 12
+3 21
+1 15
cob=(3)
cfi=(141)
cfn=(586)
calls=3 144 
* 92
* 3
* 16
cob=(3)
cfi=(141)
cfn=(586)
calls=2 144 
* 68
* 2
* 4
+1 1
+3 6
cfn=(718)
calls=1 70 
* 48
* 2
-9 12
cob=(3)
cfi=(151)
cfn=(646)
calls=4 39 
* 362
* 4
* 12
+20 3
+2 1
+1 21
cfn=(720) FindAndCopy
calls=3 381 
* 54
* 3
+1 6
+5 6
+5 9
-12 8
+17 6
cfn=(722)
calls=1 310 
* 13975618
* 2
+6 5
cfn=(740) RemoveAllFilesFromList
calls=1 333 
* 42
* 2
+6 3
cob=(3)
cfi=(161)
cfn=(714)
calls=1 34 
* 166
* 1
* 2
+5 3
cob=(3)
cfi=(161)
cfn=(714)
calls=1 34 
* 196
* 1
* 2
+5 3
cfn=(716) DestroyList
calls=1 84 
* 435
+1 3
cfn=(716)
calls=1 84 
* 111
+1 3
cfn=(716)
calls=1 84 
* 283
+1 3
cob=(3)
cfi=(102)
cfn=(514)
calls=1 3107 
* 184
* 1
+1 3
cob=(3)
cfi=(102)
cfn=(514)
calls=1 3107 
* 414
* 1
+2 1
+1 2

fn=(635)
591 5
+1 1
+1 1
+2 1
+1 1
+2 2
cfn=(636)
calls=1 46 
* 303
* 1
+1 2
cfn=(636)
calls=1 46 
* 222
* 1
+1 2
cfn=(636)
calls=1 46 
* 222
* 1
+2 1
+1 1
+4 3
cob=(3)
cfi=(150)
cfn=(642)
calls=1 172 
* 346
* 1
* 1
+1 2
+5 3
cob=(3)
cfi=(150)
cfn=(642)
calls=1 172 
* 28
* 1
* 1
+1 2
+1 1
cob=(3)
cfi=(155) /build/glibc-itYbWN/glibc-2.26/csu/errno-loc.c
cfn=(668) __errno_location
calls=1 26 
* 3
* 1
* 6
+1 5
cfn=(670)
calls=1 413 
* 77508
* 2
+5 3
cob=(3)
cfi=(161)
cfn=(714)
calls=1 34 
* 166
* 1
* 2
+5 3
cfn=(716)
calls=1 84 
* 111
+1 3
cfn=(716)
calls=1 84 
* 111
+1 3
cfn=(716)
calls=1 84 
* 111
+2 2
+98 2

fn=(678)
277 25
+1 15
cfn=(672)
calls=5 111 
* 603
* 5
+2 30
+1 20
cfn=(680)
calls=4 -69 
* 980
* 8
+6 5
cfn=(724) MmapCopy
calls=1 137 
* 13926750
* 2
+6 40
cob=(3)
cfi=(100)
cfn=(388)
calls=5 113 
* 65752
* 5
+1 15
cob=(3)
cfi=(102)
cfn=(514)
calls=5 3107 
* 470
* 5
+1 5
+1 10

fn=(698)
123 40
+3 10
cob=(3)
cfi=(57)
cfn=(478) __time_syscall
calls=5 -96 
* 15
* 5
* 5
+1 15
+1 25
cob=(3)
cfi=(156)
cfn=(704) utime
calls=5 -44 
* 25
* 5
* 10
+5 5
+1 25

fn=(724)
137 8
+3 5
cob=(3)
cfi=(157)
cfn=(684)
calls=1 29 
* 27
* 1
* 1
+1 2
+6 5
cfi=(84)
cfn=(686)
calls=1 0 
* 14
* 2
+5 2
+2 6
cob=(3)
cfi=(157)
cfn=(684)
calls=1 29 
* 28
* 1
* 1
+1 2
+5 9
cob=(3)
cfi=(162) /build/glibc-itYbWN/glibc-2.26/misc/../sysdeps/unix/sysv/linux/mmap64.c
cfn=(728) mmap
calls=1 44 
* 35
* 1
* 1
+1 2
+5 5
cob=(3)
cfi=(163) /build/glibc-itYbWN/glibc-2.26/misc/../sysdeps/unix/sysv/linux/ftruncate64.c
cfn=(732) ftruncate
calls=1 30 
* 6
* 1
* 2
+5 9
cob=(3)
cfi=(162)
cfn=(728)
calls=1 44 
* 35
* 1
* 1
+1 2
+5 6
cob=(3)
cfi=(122) /build/glibc-itYbWN/glibc-2.26/string/../sysdeps/x86_64/multiarch/memmove-vec-unaligned-erms.S
cfn=(488) __memcpy_avx_unaligned_erms
calls=1 +44 
* 13926420
* 1
* 2
+5 5
cob=(3)
cfi=(164) /build/glibc-itYbWN/glibc-2.26/misc/../sysdeps/unix/syscall-template.S
cfn=(738) munmap
calls=1 -98 
* 5
* 1
* 2
+5 5
cob=(3)
cfi=(164)
cfn=(738)
calls=1 84 
* 5
* 1
* 2
+5 5
cfn=(698)
calls=1 -69 
* 37
* 2
+6 3
cob=(3)
cfi=(160)
cfn=(708)
calls=1 26 
* 9
* 1
* 2
+5 3
cob=(3)
cfi=(160)
cfn=(708)
calls=1 26 
* 9
* 1
* 2
+5 1
+1 5

fn=(636)
46 18
+1 12
cob=(3)
cfi=(102)
cfn=(394)
calls=6 3062 
* 1422
* 6
* 6
+1 12
+2 6
+1 12

fn=(658)
299 70
+1 28
cob=(3)
cfi=(102)
cfn=(394)
calls=14 3062 
* 4269
* 14
* 14
+1 98
cob=(3)
cfi=(153) /build/glibc-itYbWN/glibc-2.26/stdio-common/sprintf.c
cfn=(662) sprintf
calls=14 27 
* 11524
* 14
* 28
+5 14
+1 28

fn=(740)
333 5
+1 1
+2 3
+1 3
+11 3
cob=(3)
cfi=(102)
cfn=(514)
calls=1 3107 
* 23
* 1
+1 1
+1 2

fn=(720)
381 21
+1 3
+1 3
+2 9
+1 9
+23 3
+1 6

fn=(656)
37 16
+1 8
cob=(3)
cfi=(102)
cfn=(394)
calls=4 3062 
* 761
* 4
* 4
+1 12
+1 8
+2 4
+1 8

fn=(672)
111 28
+1 14
cob=(3)
cfi=(102)
cfn=(394)
calls=7 3062 
* 1015
* 7
* 7
+2 35
cfi=(84)
cfn=(380)
calls=7 0 
* 105
* 14
+5 7
+1 14

fn=(716)
84 24
+3 6
+1 20
+1 12
cob=(3)
cfi=(102)
cfn=(514)
calls=4 3107 
* 408
* 4
-2 50
+5 18
cob=(3)
cfi=(102)
cfn=(514)
calls=6 3107 
* 596
* 6
+1 18

fl=(84)
fn=(318)
0 11
cob=(3)
cfi=(85) /build/glibc-itYbWN/glibc-2.26/csu/../csu/libc-start.c
cfn=(320) (below main)
calls=1 139 
0 14179828

fn=(686)
0 20
cob=(3)
cfi=(128) /build/glibc-itYbWN/glibc-2.26/io/../sysdeps/unix/sysv/linux/wordsize-64/fxstat.c
cfn=(510) _fxstat
calls=5 34 
0 45
0 5

fn=(332) 0x00000000000011d0
0 17

fn=(326) __libc_csu_init
0 15
cob=(2)
cfi=(18)
cfn=(328)
calls=1 0 
0 6
0 8
cfn=(332)
calls=1 0 
0 17
0 11

fn=(380)
0 36
cob=(3)
cfi=(99) /build/glibc-itYbWN/glibc-2.26/io/../sysdeps/unix/sysv/linux/wordsize-64/xstat.c
cfn=(384) _xstat
calls=9 34 
0 90
0 9

ob=(3)
fl=(123) /build/glibc-itYbWN/glibc-2.26/time/tzfile.c
fn=(582) __tzfile_compute
636 88
+3 11
-3 22
+3 22
+5 11
-3 11
+3 11
-3 11
+1 11
+2 55
+30 33
+42 22
-5 11
+5 66
+1 22
+42 66
+1 11
-1 11
+1 22
cfi=(120) /build/glibc-itYbWN/glibc-2.26/time/tzset.c
cfn=(580) __tzstring
calls=11 121 
* 913
+2 11
-2 33
+2 22
+3 44
+3 22
+2 33
cfi=(120)
cfn=(580)
calls=11 121 
* 1815
* 11
+2 55
+7 33
+3 44
+4 55
+1 11
+2 11
-3 11
+1 22
+2 11
+7 22
+3 22
+1 55
cfi=(141)
cfn=(586)
calls=11 144 
* 264
* 11
* 22
+2 11
-1 11
+1 33
+5 33
-1 11
+8 22
-7 22
+5 22
+20 88
719 44
+1 33
+13 33
-14 22
+18 11
-1 33
-3 33
+87 33

fn=(490) __tzfile_read
101 9
+10 1
+8 1
-18 3
+20 1
-7 1
+7 1
+3 4
538 11
133 4
+24 2
+8 3
cfi=(124) /build/glibc-itYbWN/glibc-2.26/libio/iofopen.c
cfn=(492) fopen@@GLIBC_2.2.5
calls=1 -68 
* 604
+1 1
-1 1
+1 1
+4 2
cfi=(127) /build/glibc-itYbWN/glibc-2.26/libio/fileno.c
cfn=(508) fileno
calls=1 35 
* 6
* 4
cfi=(128)
cfn=(510)
calls=1 34 
* 9
* 2
+6 2
-64 1
+64 1
cob=(2)
cfi=(18)
cfn=(512)
calls=1 0 
* 24
+4 1
-3 1
+3 1
+1 2
+1 1
+3 1
-3 1
+6 5
cfi=(129) /build/glibc-itYbWN/glibc-2.26/libio/iofread_u.c
cfn=(516) fread_unlocked
calls=1 34 
* 556
* 5
cfi=(129)
cfn=(516)
calls=1 34 
* 233
* 4
+2 8
cfi=(132) /build/glibc-itYbWN/glibc-2.26/string/../sysdeps/x86_64/multiarch/memcmp-avx2-movbe.S
cfn=(542) __memcmp_avx2_movbe
calls=2 63 
* 40
* 2
* 4
fi=(133) /build/glibc-itYbWN/glibc-2.26/time/../sysdeps/x86/bits/byteswap.h
47 14
fe=(123)
195 2
fi=(133)
47 4
fe=(123)
194 2
+4 2
fi=(133)
47 2
fe=(123)
200 2
fi=(133)
47 2
fe=(123)
193 2
fi=(133)
47 2
fe=(123)
200 2
-4 2
+1 2
-4 2
+1 2
+6 2
-4 2
+4 6
+4 4
+1 2
+6 1
+1 1
+5 1
-6 2
+6 1
-9 1
+3 3
+6 1
cfi=(134) /build/glibc-itYbWN/glibc-2.26/libio/fseek.c
cfn=(546) fseek
calls=1 32 
* 136
* 2
-74 3
529 1
-1 1
+1 1
cob=(2)
cfi=(18)
cfn=(512)
calls=1 0 
* 24
* 2
223 4
+5 4
+4 2
-1 2
+3 3
+1 4
+2 1
+1 2
+3 4
+4 2
-1 2
+3 1
+1 1
-1 2
+2 1
-2 2
+2 1
+25 10
+5 4
cob=(2)
cfi=(18)
cfn=(392)
calls=1 0 
* 217
+1 1
-1 1
+1 1
+3 1
+3 1
+2 4
-5 1
+3 1
+2 1
-5 1
+2 2
+1 1
-1 1
+1 1
+1 2
+1 1
-1 1
+1 1
+19 1
cfi=(129)
cfn=(516)
calls=1 34 
* 249
+1 1
-1 6
+7 2
+1 8
-1 338
+1 672
-26 3
+3 1
-3 1
+3 3
+5 6
+21 4
fi=(133)
111 3
fe=(123)
335 1
-1 2
fi=(133)
111 504
fe=(123)
335 168
-1 336
+4 9
+4 5
cfi=(129)
cfn=(516)
calls=1 34 
* 87
* 50
cfi=(129)
cfn=(516)
calls=10 34 
* 870
* 22
fi=(139) /build/glibc-itYbWN/glibc-2.26/time/../libio/bits/stdio.h
65 66
fe=(123)
347 22
+2 44
fi=(139)
65 66
fe=(123)
351 33
+3 11
-16 22
+16 11
fi=(133)
47 22
fe=(123)
355 22
-17 16
+20 9
cfi=(129)
cfn=(516)
calls=1 34 
* 83
* 4
+6 7
-3 2
251 7
cfi=(137) /build/glibc-itYbWN/glibc-2.26/libio/ftello.c
cfn=(558) ftello
calls=1 35 
* 85
+1 2
+2 1
-1 1
+2 1
-1 1
-1 1
+1 1
+1 1
-3 2
+8 1
-3 1
+3 3
+1 1
-1 2
+4 1
-1 1
+1 2
+3 5
+2 2
+1 8
+23 8
fi=(139)
65 66
fe=(123)
382 55
-5 35
+7 1
+1 2
-1 2
-4 3
+7 24
fi=(139)
65 66
fe=(123)
392 44
-5 22
+7 5
+4 2
fi=(139)
65 6
fe=(123)
401 2
+58 4
cfi=(140) /build/glibc-itYbWN/glibc-2.26/libio/iofclose.c
cfn=(564) fclose@@GLIBC_2.2.5
calls=1 39 
* 522
* 2
+3 27
+1 11
-1 11
+1 55
cfi=(120)
cfn=(580)
calls=11 121 
* 2929
* 11
-61 8
cfi=(129)
cfn=(516)
calls=1 34 
* 83
* 4
+4 1
+50 1
-50 1
+50 3
+12 2
+2 3
+11 2
-13 1
+1 1
+1 4
+2 4
+1 8
+2 2
-2 2
+2 2
+4 8
cfi=(120)
cfn=(580)
calls=2 121 
* 248
* 4
+2 10
+4 4
+7 2
+3 3
+29 4
+1 1
-1 1
+1 3
-15 2
-8 1
-1 2
+9 1
-10 1
+10 2
-5 9
+3 2
-1 1
+8 4
+3 3
-29 8
+24 2
-1 2
-2 8

fl=(128)
fn=(510)
34 24
+1 72
+4 12

fl=(121) /build/glibc-itYbWN/glibc-2.26/string/strdup.c
fn=(484) strdup
40 4
+1 1
cfi=(97) /build/glibc-itYbWN/glibc-2.26/string/../sysdeps/x86_64/multiarch/strlen-avx2.S
cfn=(372) __strlen_avx2
calls=1 +11 
* 19
* 1
* 1
+1 2
cob=(2)
cfi=(18)
cfn=(392)
calls=1 -42 
* 229
+2 2
+4 1
-1 2
+1 2
-1 2
cfi=(122)
cfn=(488)
calls=1 221 
* 12
* 1

fl=(129)
fn=(516)
34 48
+1 32
+3 32
+4 112
-2 64
cfi=(113) /build/glibc-itYbWN/glibc-2.26/libio/genops.c
cfn=(518) _IO_sgetn
calls=16 465 
* 1809
+1 64

fl=(150)
fn=(642)
172 36
-81 12
191 42
-72 10
+7 20
cfi=(128)
cfn=(510)
calls=5 -92 
* 45
* 10
+2 20
+86 30
+4 10
cob=(2)
cfi=(18)
cfn=(392)
calls=5 0 
* 1382
+1 5
-1 5
+1 5
+18 5
+2 5
+2 5
+1 5
+1 5
+1 5
+1 5
-53 48
-1 3
-71 2

fl=(73)
fn=(264)
42 8
fi=(58) /build/glibc-itYbWN/glibc-2.26/time/../sysdeps/generic/dl-hash.h
+6 3
+14 4
-17 3
+3 9
+14 12
-17 9
+22 1
fe=(73)
-25 6
cfi=(59) /build/glibc-itYbWN/glibc-2.26/elf/../sysdeps/unix/sysv/linux/dl-vdso.c
cfn=(200) _dl_vdso_vsym
calls=1 -16 
* 16
* 5

fl=(157)
fn=(684)
29 40
+3 10
-3 10
+3 35
+14 85
+2 50
-13 30
+11 15

fl=(134)
fn=(546)
32 1
+3 1
-3 2
+3 2
+1 4
cfi=(135) /build/glibc-itYbWN/glibc-2.26/libio/ioseekoff.c
cfn=(548) _IO_seekoff_unlocked
calls=1 +4 
* 117
* 4
fi=(131) /build/glibc-itYbWN/glibc-2.26/libio/libioP.h
864 2
fe=(134)
39 3

fl=(160)
fn=(708)
26 80
+1 10

fl=(125) /build/glibc-itYbWN/glibc-2.26/libio/fileops.c
fn=(526) _IO_file_stat
1221 1
+1 3
cfi=(128)
cfn=(510)
calls=1 34 
* 9

fn=(532) _IO_file_underflow@@GLIBC_2.2.5
531 6
+6 6
-14 10
+17 6
+13 4
fi=(131)
865 2
fe=(125)
573 4
cfi=(113)
cfn=(536) _IO_switch_to_get_mode
calls=2 175 
* 48
+11 2
-5 2
fi=(131)
940 2
fe=(125)
579 4
fi=(131)
940 2
fe=(125)
580 2
+2 2
fi=(131)
941 2
fe=(125)
581 4
fi=(131)
941 2
fe=(125)
584 8
cfn=(538) _IO_file_read
calls=2 1208 
* 16
+2 4
+16 2
-9 2
+9 4
+1 2
+1 1
+1 2
-1 1
+1 4
-1 1
+1 2
-1 1
+1 4
-67 6

fn=(538)
1208 4
-1 10
+2 2

fn=(520) _IO_file_xsgetn
1352 144
+7 16
-7 16
+7 16
+11 32
+2 32
+1 16
-1 16
+1 48
fi=(131)
938 8
fe=(125)
1381 4
+13 4
+9 6
+1 8
-34 4
+2 6
+1 4
+2 48
cfi=(122)
cfn=(488)
calls=16 221 
* 372
* 16
+1 32
+68 16
+1 48
-1 16
+1 80
-39 4
cfi=(113)
cfn=(530) __underflow
calls=2 318 
* 243
* 4
-44 3
+5 2
cfi=(113)
cfn=(522) _IO_doallocbuf
calls=1 395 
* 320
* 1

fn=(554) _IO_file_seek
1215 2
cfi=(136) /build/glibc-itYbWN/glibc-2.26/io/../sysdeps/unix/sysv/linux/lseek64.c
cfn=(556) lseek
calls=1 35 
* 7

fn=(550) _IO_file_seekoff@@GLIBC_2.2.5
978 22
+8 4
+6 8
+3 2
+25 2
+89 2
cfi=(113)
cfn=(552) _IO_unsave_markers
calls=1 -28 
* 9
+1 1
fi=(131)
940 2
+1 2
fe=(125)
1110 4
cfn=(554)
calls=1 1215 
* 9
+1 2
+4 1
-2 1
+1 1
+1 3
+1 3
+13 22
995 2
+12 2
+17 2
+2 1
-2 1
+2 2
+71 4
924 2
+2 2
+2 2
+5 2
+10 2
+1 2
+13 2
+10 2
1106 2

fn=(500) _IO_file_fopen@@GLIBC_2.2.5
257 10
+11 2
+2 4
417 12
295 20
+39 6
cfn=(502) _IO_file_open
calls=1 222 
* 50
+3 1
-3 1
+3 1
+3 3
cfi=(126) /build/glibc-itYbWN/glibc-2.26/string/../string/strstr.c
cfn=(504) __GI_strstr
calls=1 53 
* 47
+1 1
-1 1
+1 1
-46 6
+29 1
+1 2
-51 1
-1 1
-15 2
+63 3

fn=(576) _IO_file_finish@@GLIBC_2.2.5
208 4
+1 2
+7 1
-1 2
+1 2
-1 1
cfi=(113)
cfn=(578) _IO_default_finish
calls=1 673 
* 25

fn=(496) _IO_new_file_init_internal
144 2
+4 1
-4 2
+5 1
-1 1
+3 1
cfi=(113)
cfn=(498) _IO_link_in
calls=1 -54 
* 87
+1 1
+1 4

fn=(502)
222 6
+3 1
-3 1
+3 1
+8 1
-4 1
+4 1
+3 1
-1 1
+1 2
+3 1
-3 2
+3 1
-3 1
+3 1
+10 2
cfi=(113)
cfn=(498)
calls=1 97 
* 16
+1 1
+1 4
-25 5

fn=(568) _IO_file_close_it@@GLIBC_2.2.5
166 3
+2 3
+4 1
+3 2
-3 1
-1 2
+6 1
+3 1
-3 1
cfi=(113)
cfn=(552)
calls=1 1081 
* 9
+3 2
+4 3
+9 5
cfi=(113)
cfn=(460) _IO_setb
calls=1 380 
* 183
+1 2
+3 1
-3 1
+1 3
+2 1
cfi=(113)
cfn=(566) _IO_un_link
calls=1 59 
* 15
+5 1
-4 1
+1 1
+1 1
+2 1
+1 5
-23 1
fi=(131)
938 3
+2 2
+1 2
fe=(125)
180 2
cfn=(570) _IO_file_close
calls=1 1242 
* 6
* 2

fn=(570)
1242 5
+1 1

fl=(148) /build/glibc-itYbWN/glibc-2.26/socket/../sysdeps/unix/sysv/linux/connect.c
fn=(630) connect
26 9
+4 1

fl=(163)
fn=(732)
30 5
+2 1

fl=(60)
fn=(250)
32 1
-2 1
+2 2
-2 3
fi=(169) /build/glibc-itYbWN/glibc-2.26/wcsmbs/../sysdeps/x86_64/multiarch/wcslen.c
-1 1
fe=(60)

fn=(204)
32 2
-2 2
+2 4
-2 6
fi=(170) /build/glibc-itYbWN/glibc-2.26/wcsmbs/../sysdeps/x86_64/multiarch/wmemchr.c
+1 2
fe=(60)

fn=(218)
32 2
-2 2
+2 4
-2 6
fi=(171) /build/glibc-itYbWN/glibc-2.26/wcsmbs/../sysdeps/x86_64/multiarch/wcschr.c
+1 2
fe=(60)

fl=(63)
fn=(212)
38 8
+1 6
+9 2

fl=(57)
fn=(196)
43 16
fi=(58)
+5 6
+14 8
-17 6
+3 18
+14 24
-17 18
+22 2
fe=(57)
-24 12
cfi=(59)
cfn=(200)
calls=2 -17 
* 32
* 10

fn=(478)
30 32
+1 16

fl=(145) /build/glibc-itYbWN/glibc-2.26/libio/iofputs_u.c
fn=(600) fputs_unlocked
33 77
+1 11
cfi=(97)
cfn=(372)
calls=11 +18 
* 165
* 11
* 11
+3 44
fi=(131)
938 33
+2 22
+1 22
fe=(145)
37 44
cfi=(113)
cfn=(472) _IO_default_xsputn
calls=11 425 
* 770
* 22
+3 11
-2 11
+2 55
-3 22

fl=(70)
fn=(238)
40 2
-2 1
+2 2
-2 2
+11 1

fl=(144) /build/glibc-itYbWN/glibc-2.26/libio/ioftell.c
fn=(594) ftell
34 11
+3 11
-3 11
+3 22
+1 55
cfi=(135)
cfn=(548)
calls=11 +2 
* 682
* 11
+1 33
+22 33
fi=(131)
864 22
fe=(144)
45 22

fl=(119) /build/glibc-itYbWN/glibc-2.26/time/localtime.c
fn=(480) localtime_r
29 11
+1 22
cfi=(120)
cfn=(482) __tz_convert
calls=11 572 
* 19082

fl=(80) /build/glibc-itYbWN/glibc-2.26/string/../sysdeps/x86_64/multiarch/strrchr-avx2.S
fn=(304) __strrchr_avx2
43 1
+1 1
+2 1
+1 1
+3 1
+1 1
+1 1
+2 1
+1 1
+1 1
+1 1
+1 1
+1 1
+2 1
+1 1
+12 1
+1 1
216 1
+1 1
+1 1
+1 1
+1 1
+2 1
+1 1
+1 1
+1 1
+1 1

fl=(69)
fn=(234)
32 4
-2 2
+2 4
-2 4
+5 2
-1 8
fi=(172) /build/glibc-itYbWN/glibc-2.26/wcsmbs/../sysdeps/x86_64/multiarch/wmemset.c
-3 2
fe=(69)

fl=(155)
fn=(668)
26 2
+1 1

fl=(124)
fn=(494) __fopen_internal
61 6
+8 1
-8 2
+8 1
cob=(2)
cfi=(18)
cfn=(392)
calls=1 -69 
* 222
+2 3
+3 1
+3 4
-3 1
+3 2
cfi=(113)
cfn=(454) _IO_no_init
calls=1 633 
* 61
+4 1
+1 1
-1 1
+1 1
cfi=(125)
cfn=(496)
calls=1 +62 
* 100
+4 5
cfi=(125)
cfn=(500)
calls=1 257 
* 176
* 1
+1 1
-1 1
+6 5
-5 1
cfn=(506) __fopen_maybe_mmap
calls=1 -46 
* 4

fn=(506)
41 1
-2 1
+2 1
+15 1

fn=(492)
97 2
cfn=(494)
calls=1 -36 
* 602

fl=(81) /build/glibc-itYbWN/glibc-2.26/ctype/ctype-info.c
fn=(306) __ctype_init
31 5
+2 1
+2 1
-4 1
+4 1
-4 1
+2 3
+2 3

fl=(91)
fn=(348)
158 1
+1 1
+1 1
+1 1
+1 1
+2 1
+1 1
+2 1
+1 1
+26 1
+1 1
+1 1
+1 1
+1 1
+1 1
+35 1
+1 1
+1 1
+1 1
+1 1
+1 1
+1 1
1748 1
+3 1
+1 1
+15 1
+1 1

fl=(99)
fn=(384)
34 9
-1 9
+1 9
+1 54
+4 9

fl=(52)
fn=(206)
44 5
+4 2
-1 2
+12 2
+2 5

fn=(184)
44 10
+4 4
-1 4
+12 4
+2 10

fn=(230)
44 10
+4 4
-1 4
+12 4
+2 10

fl=(89) /build/glibc-itYbWN/glibc-2.26/setjmp/sigjmp.c
fn=(342) __sigjmp_save
29 1
-1 2
+1 2
+5 3

fl=(100)
fn=(626) openlog_internal
336 1
-1 5
+1 1
+1 1
+2 1
-1 1
+1 1
-4 1
+11 1
-2 3
+10 3
+2 1
+1 2
-1 1
+1 1
cfi=(148)
cfn=(630)
calls=1 26 
* 10
* 2
+21 6
-30 1
-3 1
+1 1
-1 1
+1 13
+2 1
+1 5
cfi=(147) /build/glibc-itYbWN/glibc-2.26/socket/../sysdeps/unix/syscall-template.S
cfn=(628) socket
calls=1 84 
* 5
+1 1
-1 2
+1 1
+24 2

fn=(388)
113 198
+3 11
+36 11
-5 11
-31 55
+24 11
+1 11
+6 11
+5 11
+7 66
+5 11
+3 22
-3 33
+3 11
cfi=(101) /build/glibc-itYbWN/glibc-2.26/libio/memstream.c
cfn=(390) open_memstream
calls=11 65 
* 158613
+1 11
-1 11
+1 11
+24 11
+1 22
+1 11
-1 33
cfi=(115) /build/glibc-itYbWN/glibc-2.26/stdio-common/fprintf.c
cfn=(462) fprintf
calls=11 27 
* 6215
+1 22
cfi=(57)
cfn=(478)
calls=11 30 
* 33
* 11
+5 33
cfi=(119)
cfn=(480)
calls=11 29 
* 19115
-2 22
-2 33
+2 11
-2 11
cfi=(143) /build/glibc-itYbWN/glibc-2.26/time/strftime_l.c
cfn=(590) strftime_l
calls=11 450 
* 15796
* 11
+6 22
cfi=(144)
cfn=(594)
calls=11 34 
* 913
+1 11
-1 11
+1 22
+3 22
cfi=(145)
cfn=(600)
calls=11 33 
* 1331
+1 22
+2 22
fi=(146) /build/glibc-itYbWN/glibc-2.26/misc/../libio/bits/stdio.h
100 132
fe=(100)
220 33
-5 11
+5 11
cfi=(116) /build/glibc-itYbWN/glibc-2.26/stdio-common/vfprintf.c
cfn=(464) vfprintf
calls=11 1244 
* 9132
+6 22
cfi=(140)
cfn=(564)
calls=11 39 
* 5748
+4 22
+28 66
+13 33
+5 20
+3 2
+35 44
+2 44
+1 11
cob=(2)
cfi=(18)
cfn=(512)
calls=11 0 
* 1045
119 121
279 55
cfi=(149) /build/glibc-itYbWN/glibc-2.26/socket/../sysdeps/unix/sysv/linux/send.c
cfn=(632) send
calls=11 28 
* 132
* 22
-7 5
cfn=(626)
calls=1 +64 
* 76
+4 3
-73 2
+1 1
-1 1
+1 1

fl=(65)
fn=(216)
42 5
+4 2
-1 2
+12 2
+2 5

fl=(76)
fn=(294)
52 8
+3 3
+14 1
fi=(78) /build/glibc-itYbWN/glibc-2.26/csu/../sysdeps/unix/sysv/linux/x86_64/init-first.c
-33 1
fe=(76)
+31 1
+1 1
fi=(78)
-32 3
fe=(76)
+33 1
fi=(78)
-33 3
fi=(77) /build/glibc-itYbWN/glibc-2.26/csu/../sysdeps/generic/dl-hash.h
+12 3
+14 4
-17 3
+3 9
+14 12
-17 9
+22 1
fi=(78)
-31 2
+2 2
-2 1
+2 2
cfi=(59)
cfn=(200)
calls=1 -12 
* 16
+1 2
+5 2
-3 2
+1 1
+2 1
cfi=(59)
cfn=(200)
calls=1 -18 
* 16
fe=(76)
+37 3
fi=(78)
-36 2
+1 1
fe=(76)
+35 1
cfi=(79) /build/glibc-itYbWN/glibc-2.26/misc/init-misc.c
cfn=(300) __init_misc
calls=1 -50 
* 52
+3 1
cfi=(81)
cfn=(306)
calls=1 -53 
* 16
+5 6
-27 1
-7 1
+7 4
fi=(78)
-22 2
fe=(76)

fl=(79)
fn=(300)
31 2
-1 3
+1 4
+2 3
cfi=(80)
cfn=(304)
calls=1 +10 
* 27
* 1
+4 5
+1 3
+2 4

fl=(53)
fn=(254)
33 4
+3 4
fi=(173) /build/glibc-itYbWN/glibc-2.26/string/../sysdeps/x86_64/multiarch/stpncpy.c
-5 1
fe=(53)

fn=(186)
33 4
+3 4
fi=(174) /build/glibc-itYbWN/glibc-2.26/string/../sysdeps/x86_64/multiarch/strncpy.c
-6 1
fe=(53)

fn=(228)
33 4
+3 4
fi=(175) /build/glibc-itYbWN/glibc-2.26/string/../sysdeps/x86_64/multiarch/strcpy.c
-7 1
fe=(53)

fn=(192)
33 4
+3 4
fi=(176) /build/glibc-itYbWN/glibc-2.26/string/../sysdeps/x86_64/multiarch/strcat.c
-7 1
fe=(53)

fn=(256)
33 4
+3 4
fi=(177) /build/glibc-itYbWN/glibc-2.26/string/../sysdeps/x86_64/multiarch/stpcpy.c
-2 1
fe=(53)

fl=(162)
fn=(728)
44 4
+3 2
-6 20
+6 6
+5 20
+2 14
-7 4

fl=(165)
fn=(744)
34 3
+1 1
-1 3
+21 1
-4 1
+4 1
-20 1
+4 1
+12 1
+4 1
cfi=(166) /build/glibc-itYbWN/glibc-2.26/posix/../sysdeps/unix/sysv/linux/nanosleep.c
cfn=(746) nanosleep
calls=1 -28 
* 3

fl=(135)
fn=(548)
40 26
-1 52
+10 29
+16 13
fi=(138) /build/glibc-itYbWN/glibc-2.26/libio/../libio/libioP.h
938 39
+2 26
+1 26
fe=(135)
65 13
+1 13
-1 13
+1 26
-1 13
cfi=(114) /build/glibc-itYbWN/glibc-2.26/libio/strops.c
cfn=(596) _IO_str_seekoff
calls=11 251 
* 440
cfi=(125)
cfn=(550)
calls=2 978 
* 132
-16 2

fl=(158)
fn=(692)
26 64
+1 8

fl=(140)
fn=(564)
39 36
+14 12
-14 12
+14 24
+3 33
+4 33
fi=(131)
864 24
+1 3
fe=(140)
62 12
fi=(131)
938 36
+2 24
+1 24
fe=(140)
62 36
cfi=(101)
cfn=(608) _IO_mem_finish
calls=11 +66 
* 4219
cfi=(125)
cfn=(576)
calls=1 208 
* 37
+1 36
+18 72
+3 24
cob=(2)
cfi=(18)
cfn=(512)
calls=12 -84 
* 1140
+4 60
-34 1
cfi=(113)
cfn=(566)
calls=1 +5 
* 67
+2 5
+1 2
+1 2
cfi=(125)
cfn=(568)
calls=1 166 
* 268
* 4
+20 24

fl=(147)
fn=(628)
84 4
+1 1

fl=(92)
fn=(354) __bsd_signal.part.0
29 8
+11 4
-11 8
+14 36
-1 4
+2 2
-2 8
+1 2
+1 2
-1 8
+1 2
cfi=(93) /build/glibc-itYbWN/glibc-2.26/signal/../nptl/sigaction.c
cfn=(356) sigaction
calls=2 -10 
* 222
+3 6
+1 10

fn=(352)
34 12
cfn=(354)
calls=2 -5 
* 322

fl=(87) /build/glibc-itYbWN/glibc-2.26/setjmp/../sysdeps/x86_64/bsd-_setjmp.S
fn=(338) _setjmp
30 1
+2 1
cfi=(88) /build/glibc-itYbWN/glibc-2.26/setjmp/../sysdeps/x86_64/setjmp.S
cfn=(340) __sigsetjmp
calls=1 -6 
* 27

fl=(130) /build/glibc-itYbWN/glibc-2.26/libio/filedoalloc.c
fn=(524) _IO_file_doallocate
78 8
+6 4
fi=(131)
938 3
+2 2
+1 2
fe=(130)
84 3
cfi=(125)
cfn=(526)
calls=1 1221 
* 13
* 2
+2 4
+11 4
+4 2
cob=(2)
cfi=(18)
cfn=(392)
calls=1 0 
* 213
* 1
+2 1
-1 2
+2 4
cfi=(113)
cfn=(460)
calls=1 380 
* 18
+1 1
+1 8

fl=(137)
fn=(558)
35 1
+3 1
-3 1
+3 2
+1 5
cfi=(135)
cfn=(548)
calls=1 +1 
* 64
* 1
+1 3
+22 3
fi=(138)
864 2
fe=(137)
46 2

fl=(141)
fn=(586)
144 40
+1 40
+2 40
+1 40
+21 40
+1 40
+1 40
+1 40
+1 31
+1 31
+1 31
+1 31
+21 31
+1 31
+1 31
+1 31
+1 31
+1 31
+1 31
+15 9
+1 9
+1 9
+1 9
+1 9
+1 9
+1 9
+1 9
+1 9
+1 1
+1 1
+1 1
+2 1
+1 1
+1 1
+1 1
+1 1
+1 1
-5 8
+1 8
+1 8
+1 8
+1 8
+1 8
1571 5
+1 5
+1 5
+1 5
+1 5
+2 5
+1 5
+1 5
+1 5
+1 5
+1 5
+1 5
1821 4
+1 4
+1 4
+1 4
+1 4
+2 4
+1 4
+1 4
+1 4
+1 4
+1 4
+1 4
2202 9
+1 9
+1 9
+1 9
+1 3
+5 1
+6 1
+1 1
+8 1
+1 1
-16 39
+6 39
+1 39
+8 39
+1 39

fl=(151)
fn=(646)
39 100
+5 40
-5 20
+2 40
+3 120
+21 40
+21 16
+3 16
+13 16
+9 16
-6 16
-3 16
+3 16
+6 16
-60 60
+14 32
cfi=(152) /build/glibc-itYbWN/glibc-2.26/dirent/../sysdeps/unix/sysv/linux/getdents.c
cfn=(648) __getdents
calls=8 +16 
* 952
+1 16
+14 16
-9 4
+5 4
+1 4
+37 80
+4 140

fl=(61)
fn=(208)
33 4
-1 1
+2 1
-2 1
+2 2
+1 3
fi=(62) /build/glibc-itYbWN/glibc-2.26/string/../sysdeps/x86_64/multiarch/memcmp.c
-6 1
fe=(61)

fl=(88)
fn=(340)
26 1
+9 1
+1 2
+1 1
+4 1
+1 1
+1 1
+1 1
+1 1
+2 2
+2 1
+1 1
+1 1
+2 2
+2 1
+8 1
cfi=(89)
cfn=(342)
calls=1 -34 
* 8

fl=(161)
fn=(714)
34 10
-3 5
+13 5
+6 5
cob=(2)
cfi=(18)
cfn=(512)
calls=5 -50 
* 838
+2 25
+1 10

fl=(96) /build/glibc-itYbWN/glibc-2.26/stdlib/getenv.c
fn=(368) getenv
34 16
+1 2
cfi=(97)
cfn=(372)
calls=2 +17 
* 30
* 2
* 2
+4 14
+3 4
+49 18
-16 2
-8 2
+6 2
-1 2
+3 556
+9 276

fl=(98) /build/glibc-itYbWN/glibc-2.26/string/../sysdeps/x86_64/multiarch/strchr-avx2.S
fn=(376) __strchr_avx2
45 1
+2 1
+1 1
+1 1
+2 1
+1 1
+1 1
+4 1
+1 1
+1 1
+1 1
+1 1
+1 1
+1 1
184 1
+4 1
+1 1
+1 1
+1 1
+2 1
+1 1

fn=(468) __strchrnul_avx2
45 97
+2 97
+1 97
+1 97
+2 97
+1 97
+1 97
+4 34
+1 34
+1 34
+1 34
+1 34
+1 34
+1 34
+11 63
+1 63
+1 63
+1 63
+1 63
+1 63
+1 63
+2 63
+1 63
+1 63
+2 59
+1 59
+2 59
+7 59
+1 59
+4 4
+5 4
+1 4
+1 4
+1 4
+1 4
+1 4
+1 4
+72 38
+2 38
+7 38
+1 38

fl=(159)
fn=(696)
26 32
+1 4

fl=(127)
fn=(508)
35 5
+7 1

fl=(68)
fn=(232)
40 1
-2 1
+2 2
-2 2
+11 1

fl=(109) /build/glibc-itYbWN/glibc-2.26/misc/sbrk.c
fn=(434) sbrk
34 3
+8 3
-8 9
+8 15
+4 6
+4 12
+12 5
-19 2
cfi=(110) /build/glibc-itYbWN/glibc-2.26/misc/../sysdeps/unix/sysv/linux/x86_64/brk.c
cfn=(436) brk
calls=1 -12 
* 12
* 4
+15 4
cfi=(110)
cfn=(436)
calls=2 -27 
* 24
* 4
+4 10

fl=(97)
fn=(372)
52 123
+1 123
+1 123
+3 123
+1 123
+1 123
+3 96
+1 96
+1 96
+8 96
+4 14
+1 14
+1 14
+9 14
+4 27
+1 27
+1 27
+1 27
+2 27
+1 27
+1 27
+1 16
+6 16
+1 16
+1 16
+4 16
+1 16
+16 11
+10 11
+1 11
+1 11
+1 11
-3 14
+1 14
+1 14
+1 14
+2 1
+1 1
+1 1
+1 1
332 106
+1 106
+1 106
+4 106
+1 106
+4 1
+1 1
+1 1
+1 1
+4 1
+1 1

fl=(82)
fn=(310) handle_intel.constprop.1
259 21
+2 3
-2 9
+5 9
+8 3
+1 3
-3 3
+5 12
+18 18
cfn=(312) intel_check_word.isra.0
calls=3 132 
* 1002
+2 6
+3 21
cfn=(312)
calls=3 132 
* 353
+2 6
-19 6
+5 3
-5 9
+5 3
+2 3
+1 3
-1 6
+31 33

fn=(312)
132 12
+6 6
-10 30
+10 24
-10 6
+10 6
+2 6
-2 6
+2 18
+2 6
+2 12
-2 9
+2 18
+8 30
+51 24
+22 12
fi=(83) /build/glibc-itYbWN/glibc-2.26/string/../bits/stdlib-bsearch.h
28 12
-1 24
+4 24
+1 12
fe=(82)
+87 24
fi=(83)
-88 18
+1 9
fe=(82)
+87 39
+3 81
fi=(83)
-93 66
+2 66
-2 66
+2 120
+1 60
fe=(82)
+87 120
250 12
140 24
-6 3
255 36
fi=(83)
37 15
-8 36
fe=(82)
164 9
+3 9
+4 6
+2 6
+1 6
-1 6
+1 8
+2 4
-1 4
+1 6
-12 4
+12 4
+1 18
+1 14
+1 10
+17 5
-32 15
+3 15
+4 10
+2 20
+1 10
+1 10
+1 10
+5 3
+2 6
+2 3
+2 3
+1 3
-3 3
+2 3
-1 3
+1 3
-2 3
+3 3
-2 9
+2 9

fn=(308)
488 7
+14 4
758 2
+2 1
+1 1
+2 1
-3 1
+5 1
-5 1
+4 3
+4 3
+3 2
+2 1
+1 1
+2 1
-3 1
+5 1
-5 1
+4 3
+9 1
+2 8
-2 1
+3 8
504 1
-4 1
+4 1
cfn=(310)
calls=1 259 
* 460
+2 1
-2 1
+2 1
cfn=(310)
calls=1 259 
* 523
+5 1
-5 1
+5 1
cfn=(310)
calls=1 259 
* 552
+8 1
-8 1
+8 1
+11 1
-20 1
+25 3
+4 2
+8 6
+3 2
+9 6
+14 2
+4 1
+3 1
+1 1
-4 1
+3 1
-3 1
+3 1
+6 7
-36 9
+6 6
-6 3
+6 2
+3 20
+5 2
+4 1
+1 1
-1 3
691 4
+1 5
+4 2
+59 3
592 2
+8 8
+2 3
+4 2
-4 1
-2 1
+4 1
+23 4
-23 6
+2 6
+2 2
+1 2
+1 8
+2 4
+3 2
+5 1
+2 2
+1 1
-1 1
+2 1
-2 1
+1 2
+7 2
+4 2
+3 1
+2 2
+1 1
-1 2
+1 1
+5 2
+6 2
+1 2
+2 1
-1 1
+1 1
+22 2

fl=(66)
fn=(236)
30 6

fn=(222)
30 6

fn=(252)
30 6

fl=(132)
fn=(542)
63 88
+1 88
179 17
+1 17
+1 17
+1 17
+1 17
+1 17
+1 17
+1 17
+1 17
+1 17
+1 1
+1 1
+1 1
+4 16
+5 71
+1 71
+1 71
+1 71
+1 71
+1 71
+1 71
+1 71
+2 71
+1 71
+23 88
+1 88
+1 88
+1 88
+1 88
+1 17
+1 17

fl=(112) /build/glibc-itYbWN/glibc-2.26/string/../sysdeps/x86_64/multiarch/memset-vec-unaligned-erms.S
fn=(448) __memset_avx2_unaligned_erms
158 66
+1 22
+1 22
+1 11
+1 11
+8 11
+1 11
cfn=(450) __memset_avx2_erms
calls=11 -34 
* 90277
+48 11
+1 11
+2 11
+1 11
+1 11
+1 11
+1 11
+1 11
+1 11
+1 11
+1 11
+2 11
+1 11

fn=(450)
137 11
+1 11
+1 11
+1 11
+1 90211
+1 11
+1 11

fl=(110)
fn=(436)
31 24
+8 3
-6 6
+7 3

fl=(156)
fn=(704)
84 20
+1 5

fn=(676)
84 8
+1 2

fl=(142) /build/glibc-itYbWN/glibc-2.26/time/offtime.c
fn=(588) __offtime
30 55
+4 99
+1 22
+2 22
+10 22
+5 11
-5 22
+13 11
-13 11
+16 11
-16 33
+1 22
+1 88
+1 11
-1 11
+1 22
+2 11
-2 22
+2 33
-2 11
+2 99
+3 11
-3 22
+8 11
+3 165
+4 418
-1 22
+1 11
-1 22
+2 11
-2 11
+1 11
+1 396
+1 11
-1 22
-2 11
-6 176
+11 11
+1 11
-1 11
+1 33
-30 33
+37 11
-1 22
+1 11
+1 407
+2 11
+1 11
+2 11
-1 11
+2 11
-2 11
+2 44

fl=(143)
fn=(592) __strftime_internal
470 121
+63 11
-63 33
+2 11
-2 22
+63 11
-61 11
+3 11
+68 11
-68 11
+68 11
+1 22
+5 44
1127 11
+6 44
-6 11
+6 33
649 297
+1 33
549 264
+98 231
+11 297
+24 33
561 33
682 66
+20 132
+14 231
-58 66
1418 132
549 33
1415 44
+1 22
716 11
1178 33
823 99
cfn=(593) __strftime_internal'2
calls=11 470 
* 4521
+3 11
-3 11
+3 264
cfn=(593)
calls=11 470 
* 5665
* 44
+4 33
943 44
+27 11
+2 22
-2 11
+6 11
-6 22
+6 88
+1 11
-1 11
+1 22
+4 22
+6 33
-3 22
+3 11
-1 11
+1 22
-1 11
+3 22
+2 22
+32 209
+1 11
+30 22
937 44
+1 22
-8 66
781 22
-65 11
-6 22
+63 55
+8 143
cfi=(97)
cfn=(372)
calls=11 52 
* 165
* 11
* 242
+1 22
1023 66
cfi=(122)
cfn=(488)
calls=11 221 
* 165
* 11
* 33
831 22
993 55
+3 22
+1 88
cfi=(112)
cfn=(448)
calls=11 158 
* 198
* 11
* 55
+2 11
-1 11
+1 55
781 110
cfi=(122)
cfn=(488)
calls=11 221 
* 176
* 11
* 22

fn=(593)
470 242
+63 22
-63 66
+2 22
-2 44
+63 22
-61 22
+3 22
+68 22
-68 22
+68 22
+1 44
+5 88
1127 22
+6 88
-6 22
+6 66
649 330
+1 22
549 88
649 22
+1 22
549 352
+98 418
+11 594
+24 66
561 66
682 132
+20 264
+14 462
-58 132
1418 264
549 66
1415 66
+1 22
1066 176
943 264
+27 66
+2 132
-2 66
+6 66
-6 132
+6 528
+1 66
-1 66
+1 132
-1 528
+1 66
-1 66
+1 132
+4 132
+6 198
-3 132
+3 66
-1 66
+1 132
-1 66
+3 132
+34 1023
+1 33
-1 33
+1 33
+95 176
-83 176
716 22
-6 44
+6 22
-6 44
+6 22
-6 44
1023 198
cfi=(122)
cfn=(488)
calls=33 221 
* 528
* 33
* 99

fn=(590)
450 11
+9 22
-1 11
-8 33
+9 11
cfn=(592)
calls=11 +11 
* 15653
+2 55

fl=(152)
fn=(648)
81 16
+15 8
-15 16
+15 8
-15 32
+15 24
+12 8
-12 8
+12 20
+2 4
+2 12
cfi=(97)
cfn=(372)
calls=4 -60 
* 64
* 4
-2 12
+2 36
cfi=(97)
cfn=(372)
calls=12 -60 
* 208
* 12
-2 16
+1 64
cfi=(122)
cfn=(488)
calls=16 221 
* 228
* 16
+2 16
+2 16
-7 32
272 72

fl=(116)
fn=(464)
1244 504
+31 108
+8 108
+4 180
+11 144
+11 36
fi=(178) /build/glibc-itYbWN/glibc-2.26/stdio-common/printf-parse.h
108 72
fe=(116)
1324 36
-15 180
fi=(178)
108 36
cfi=(98)
cfn=(468)
calls=36 -63 
* 748
* 36
fe=(116)
1324 36
fi=(178)
108 36
fe=(116)
1320 36
+4 36
fi=(117) /build/glibc-itYbWN/glibc-2.26/stdio-common/../libio/libioP.h
938 36
fe=(116)
1328 36
fi=(117)
938 144
+2 72
+1 72
fe=(116)
1328 216
cfi=(113)
cfn=(472)
calls=36 425 
* 1347
* 72
1696 72
+1 72
+3 432
1283 72
+45 72
+4 36
-4 36
+4 72
+4 432
1558 72
-21 72
1378 976
-3 61
-5 61
-6 61
+2 61
-1 61
-3 61
+1 61
-2 61
+6 61
+8 61
-15 61
-1 61
-1 61
-1 61
+14 61
+4 61
-1 122
1643 94
+17 47
+2 94
-2 14
+2 28
+8 61
fi=(178)
108 122
fe=(116)
1670 61
fi=(178)
108 61
fe=(116)
1670 61
fi=(178)
108 61
cfi=(98)
cfn=(468)
calls=61 -63 
* 1278
* 61
fe=(116)
1674 61
-4 61
+4 183
fi=(117)
940 183
+1 122
fe=(116)
1674 366
cfi=(113)
cfn=(472)
calls=61 425 
* 2925
* 732
+2 158
-34 854
fi=(117)
940 42
+1 28
fe=(116)
1642 84
cfi=(113)
cfn=(472)
calls=14 425 
* 790
* 154
+1 1175
-1 140
cfi=(118) /build/glibc-itYbWN/glibc-2.26/stdio-common/_itoa.c
cfn=(474) _itoa_word
calls=14 168 
* 524
* 364
+1 141
fi=(117)
940 141
+1 141
fe=(116)
1643 188
cfi=(113)
cfn=(472)
calls=47 425 
* 3075
* 404
-1 140
+1 188
cfi=(97)
cfn=(372)
calls=47 52 
* 938
* 47
* 47

fl=(95)
fn=(378) exchange
131 7
+1 1
+2 1
-3 1
+2 1
+1 2
-2 16
+10 12
+2 12
+36 3
+1 1
-1 3
+2 27
-8 4
-23 2
-7 4
+25 2
+1 4
+1 4
-4 6

fn=(364) _getopt_internal
705 2
+3 6
+1 6
+2 10
cfn=(366) _getopt_internal_r
calls=2 473 
* 835
+4 2
+1 2
-1 2
+1 4
+1 6
+2 4
+1 4

fn=(366)
473 14
+3 2
-3 6
+1 2
+2 2
+5 8
-2 2
+2 10
-91 2
+1 1
+3 3
+5 2
+5 4
+5 2
+78 3
+5 2
-5 3
+5 4
610 1
+1 2
-1 3
+1 3
cfi=(98)
cfn=(376)
calls=1 45 
* 21
* 1
+3 5
+1 1
+2 5
+9 3
+27 2
483 4
+15 6
+2 6
+3 4
+24 13
+21 2
+1 1
+1 2
+6 2
699 18
388 2
+16 4
cfi=(96)
cfn=(368)
calls=1 34 
* 464
* 7
508 6
+1 2
+1 5
cfn=(378)
calls=1 131 
* 113
* 4
+7 3
-7 1
+7 10
+1 2
-1 17
+2 4
+37 3
+10 2
+38 2
-93 2
407 3
680 2

fn=(362)
735 12
cfn=(364)
calls=2 -30 
* 883
* 4

fl=(115)
fn=(462)
27 110
+4 11
+1 11
-1 55
+1 11
cfi=(116)
cfn=(464)
calls=11 1244 
* 5962
+4 55

fl=(126)
fn=(504)
53 7
+10 13
+1 6
-1 2
+1 4
-1 4
+2 2
+1 1
+23 8

fl=(111) /build/glibc-itYbWN/glibc-2.26/malloc/hooks.c
fn=(616) realloc_hook_ini
37 9
+1 1
+1 1
-1 1
fi=(103) /build/glibc-itYbWN/glibc-2.26/malloc/arena.c
296 1
fe=(111)
39 1
fi=(103)
296 3
fi=(102)
3159 2
+4 2
+7 2
+6 1
+3 1
-5 1
+2 2
+2 2
+14 4
+1 2
+8 8
+2 2
fe=(111)
42 9
fi=(102)
3182 3
+1 3
+61 6
+2 5
cfn=(622) _int_realloc
calls=1 4549 
* 164
* 1
+2 4
+1 10
fe=(111)

fl=(149)
fn=(632)
28 121
+4 11

fl=(64)
fn=(214)
38 8
+3 8
+6 2

fl=(118)
fn=(474)
168 56
+2 28
+9 412
+9 28

fl=(120)
fn=(482)
572 99
+4 55
+6 66
+5 33
379 1
-3 1
+3 1
cfi=(96)
cfn=(368)
calls=1 34 
* 464
+1 1
-1 1
+1 1
+45 10
589 20
+1 77
cfi=(123)
cfn=(582)
calls=11 +46 
* 4565
+12 44
+2 22
+2 33
+7 44
cfi=(142)
cfn=(588)
calls=11 30 
* 2640
* 22
+1 22
+6 121
374 43
+17 3
+13 1
-5 1
+1 1
+4 1
cfi=(121)
cfn=(484)
calls=1 40 
* 279
+3 3
-3 1
+3 1
cfi=(123)
cfn=(490)
calls=1 101 
* 10402
+1 3

fn=(580)
121 210
+1 35
cfi=(97)
cfn=(372)
calls=35 -70 
* 525
* 35
-32 35
+32 35
-32 70
+3 102
-3 85
+1 357
+2 86
+1 172
-1 86
+1 172
cfi=(132)
cfn=(542)
calls=86 -31 
* 1509
* 86
* 172
-4 270
+9 10
cob=(2)
cfi=(18)
cfn=(392)
calls=5 -99 
* 1075
+1 5
-1 5
+1 5
+5 5
-2 5
+1 5
+1 20
cfi=(122)
cfn=(488)
calls=5 221 
* 76
* 5
+1 5
+3 5
+14 238
-24 2
cob=(2)
cfi=(18)
cfn=(392)
calls=1 -99 
* 361
+1 1
-1 1
+1 1
+5 1
-1 1
-1 1
+2 4
cfi=(122)
cfn=(488)
calls=1 221 
* 16
* 1
+1 1
+17 1
-12 1
+12 6

fl=(85)
fn=(320)
139 7
+4 1
-4 3
+4 4
+94 1
-94 1
+94 1
+1 4
cfi=(86) /build/glibc-itYbWN/glibc-2.26/stdlib/cxa_atexit.c
cfn=(322) __cxa_atexit
calls=1 57 
* 60
+22 4
+3 2
+1 5
cob=(5)
cfi=(84)
cfn=(326)
calls=1 0 
* 57
+4 4
+15 2
+12 2
cfi=(87)
cfn=(338)
calls=1 30 
* 29
+1 2
+5 2
+1 2
+3 2
+3 6
cob=(5)
cfi=(90)
cfn=(344)
calls=1 743 
* 14179625
+34 2

fl=(102)
fn=(444)
3386 11
-13 11
+15 11
-15 11
+13 11
-13 11
+10 11
-10 22
+10 11
+5 22
+8 22
+1 22
+12 33
+2 77
+6 11
+8 11
-7 22
+7 22
+28 44
+3 22
+6 33
+52 77
3411 66
+62 11
-3 11
+3 22
-14 11
+14 32
+11 5
+1 10
+1 10
-2 6
+1 12
+1 12
+2 22
-49 33
cfn=(428) _int_malloc
calls=11 3556 
* 2866
+3 11
-3 11
+3 77
+47 33
cfi=(112)
cfn=(448)
calls=11 158 
* 90376
* 11
* 11

fn=(394)
3062 57
-5 171
+5 57
+1 114
+5 336
+3 280
+3 112
+10 287
+2 123
cfn=(428)
calls=41 3556 
* 8363
+3 41
-3 41
+3 41
+8 164
+2 410
-31 200
+8 35
+1 105
2976 30
+2 30
+1 15
3102 280
-18 246
-20 1
+38 3
-38 1
cfi=(103)
cfn=(396) malloc_hook_ini
calls=1 296 
* 61696

fn=(614)
3151 77
+7 22
+1 22
+4 40
+7 20
+6 10
+3 10
-5 10
+2 20
+2 20
+14 40
+1 20
+8 80
+2 20
+62 90
-83 30
+1 30
+61 60
+2 50
cfn=(622)
calls=10 4549 
* 1732
* 10
+2 40
+1 100
-89 1
3265 7
3160 1
cfi=(111)
cfn=(616)
calls=1 37 
* 251

fn=(430) sysmalloc
2300 22
+20 2
+11 2
-11 2
+11 2
+1 12
fi=(103)
550 8
fe=(102)
2347 6
+66 2
+1 6
+10 2
-9 2
+9 8
+6 6
+3 6
2753 4
+1 2
+5 4
+3 4
+5 2
-3 2
+3 2
-2 2
+2 6
+1 2
-1 2
-1 2
+1 4
+1 2
+2 2
+6 22
2424 7
+62 6
+19 2
-11 2
+11 4
-11 2
+1 2
+10 4
+8 2
-8 2
+8 2
+2 12
cfi=(108) /build/glibc-itYbWN/glibc-2.26/malloc/morecore.c
cfn=(432) __default_morecore
calls=2 46 
* 109
+1 2
-1 2
+1 2
+3 8
+3 8
+1 4
+46 4
+2 4
+6 2
-6 2
+6 4
+1 5
+2 7
+37 2
+6 4
+19 1
+3 2
+1 5
+2 2
+1 5
cfi=(108)
cfn=(432)
calls=1 46 
* 25
+12 4
+8 2
+1 4
+39 1
+1 1
-2 1
+1 3
+12 1
-12 1
+1 1
+11 1
2570 2

fn=(420) malloc_consolidate
4445 22
+22 4
+1 3
+12 1
5422 1
4481 1
-11 1
+10 1
5424 1
-2 1
+2 4
4483 3
+1 3
-1 27
+1 30
+26 2
+4 2
-3 2
+1 2
+2 2
+5 2
+1 2
+1 2
-2 2
+12 2
-12 2
+3 4
+9 2
-41 2
-3 2
+3 4
+1 2
+1 4
+2 4
+7 4
+3 4
+4 4
+23 2
+3 48
5415 1
1834 6
4467 5
1834 16
+1 12
-1 480
+1 362
-1 2
+1 2
+4 1
-4 2
+4 2
+5 2
+2 2
4540 22
1843 3

fn=(514)
3107 504
+5 126
+1 126
+6 126
+5 60
-2 60
+2 120
+18 180
+2 180
+1 120
cfn=(572) _int_free
calls=60 4149 
* 5264
+1 567

fn=(428)
3556 162
-34 378
+34 162
-34 54
+34 162
+6 54
-2 108
+24 108
+2 64
+1 32
-1 16
+2 16
+1 32
+48 88
+2 22
-2 22
+2 44
-5 76
+70 304
+1 64
+20 54
-1 108
+1 54
-1 54
+1 54
-2 212
4127 530
-2 53
+2 53
-2 53
+2 106
-2 53
3756 53
-27 53
4127 159
3756 106
4127 848
3734 53
+1 53
3872 53
3735 106
4127 10
-2 1
+2 1
-2 1
+2 2
-2 1
3756 1
-27 1
4127 3
3756 2
4127 16
3734 1
+1 1
3872 1
3735 2
+3 41
-1 41
+1 82
+1 82
+4 41
+10 106
+34 30
-5 30
+1 30
+4 30
+29 54
+2 4
+1 6
+1 2
-1 2
+53 4
+9 2
-9 8
+10 2
-9 2
+1 2
+1 2
+1 2
+6 2
-10 50
+9 25
-9 100
+10 25
-9 25
+1 25
+1 25
+1 25
+6 25
+9 27
3735 54
3897 80
-6 81
+17 80
+2 116
+3 29
-3 29
+3 58
+71 80
+1 80
+1 80
+1 80
+1 80
+5 112
+16 132
+2 264
-4 306
+8 21
+3 42
+2 2
+1 2
+1 2
-2 8
-27 2
3824 100
+1 25
+1 25
-1 25
+4 50
+3 4
+2 8
+1 4
+7 1
-1 1
+1 1
+1 3
-53 3
-1 3
+1 6
+5 6
1911 6
3806 3
1911 6
4141 486
4027 57
+3 38
+5 19
-3 38
+3 285
+3 38
1911 19
4078 19
1911 38
3824 194
+23 3
+1 2
+6 1
+7 1
-1 1
+3 1
-2 1
+1 1
+1 2
+2 2
-41 70
3704 3
2967 24
3754 24
+1 22
+4 11
+1 22
-1 11
+5 11
-3 22
+1 11
+1 22
+1 11
+2 11
+1 11
+3 22
+6 11
-6 77
+2 33
+1 11
1911 33
4141 2
-6 6
cfn=(430)
calls=2 2300 
* 430
+1 2
-1 2
+1 2
1911 6
3869 92
-45 4
3704 20
3824 5
3704 15
3997 84
+3 48
-3 36
+3 44
-3 22
+3 24
4100 21
+1 42
+2 42
+17 6
3723 2
4002 7
+1 14
-3 21
+53 19
-5 19
+6 38
+11 19
-6 19
+1 19
+1 19
+1 19
+3 19
+1 7
+1 38
+2 19
+1 19
+2 171
+2 57
+1 38
-40 228
+73 19
-3 19
+3 19
-2 19
+7 38
-5 76
-1 19
+1 19
+2 19
-2 38
1911 19
4110 19
1911 38

fn=(572)
4149 923
+13 213
+6 284
+1 142
+11 284
+12 71
-2 142
+2 213
+1 142
+1 160
+13 66
+11 8
+2 6
1918 2
4244 2
1918 4
4246 6
+1 4
+4 2
-4 2
+1 2
+9 12
+9 8
+2 2
+2 12
4428 781
4283 62
+1 62
+9 11
-4 11
+4 33
4160 11
4299 62
+8 93
+6 62
+1 62
+1 62
1918 93
4324 62
+1 8
+2 8
-1 8
+2 136
+3 62
+5 54
+1 180
+1 20
-53 120
+8 20
-4 20
+4 60
-7 40
2964 38
-1 38
+1 76
+3 38
-2 76
+1 38
+1 76
4272 8
+68 17
+9 17
-1 17
+2 34
-1 10
-1 10
+2 20
+7 27
-2 27
+1 27
+1 27
+2 27
+1 27
+2 27
+1 27
+2 81
+1 27
+30 62
+1 10
+3 15
+16 62
+1 60
+1 100
-20 2
cfn=(420)
calls=1 +47 
* 209
* 1
-21 4
+1 12
+1 8
-78 93
-2 62
4402 25
-65 12

fn=(426) tcache_init.part.7
3022 1
-9 1
+9 11
+1 3
cfn=(428)
calls=1 3556 
* 401
+1 1
-1 1
+1 1
+8 4
+7 2
+2 1
+1 2
-1 1
+1 78
+3 2

fn=(622)
4549 99
+21 44
+1 33
+11 33
+2 11
+1 33
+2 44
+6 22
+99 22
+2 22
+17 11
+1 99
-10 22
-1 11
+6 11
-5 44
+5 11
-5 22
+1 44
+3 11
+1 11
cfn=(572)
calls=11 4149 
* 1225
* 11

fl=(54)
fn=(224)
32 5
fi=(67) /build/glibc-itYbWN/glibc-2.26/string/../sysdeps/x86_64/multiarch/strncase.c
-1 1
fe=(54)

fn=(188)
32 5
fi=(55) /build/glibc-itYbWN/glibc-2.26/string/../sysdeps/x86_64/multiarch/strcasecmp.c
-1 1
fe=(54)

fn=(260)
32 5
fi=(72) /build/glibc-itYbWN/glibc-2.26/string/../sysdeps/x86_64/multiarch/strncase_l.c
-1 1
fe=(54)

fn=(244)
32 5
fi=(71) /build/glibc-itYbWN/glibc-2.26/string/../sysdeps/x86_64/multiarch/strcasecmp_l.c
-1 1
fe=(54)

fl=(56)
fn=(242)
32 1
-2 1
+2 2
-2 3
fi=(179) /build/glibc-itYbWN/glibc-2.26/string/../sysdeps/x86_64/multiarch/memrchr.c
-1 1
fe=(56)

fn=(258)
32 1
-2 1
+2 2
-2 3
fi=(180) /build/glibc-itYbWN/glibc-2.26/string/../sysdeps/x86_64/multiarch/strchrnul.c
+1 1
fe=(56)

fn=(248)
32 1
-2 1
+2 2
-2 3
fi=(181) /build/glibc-itYbWN/glibc-2.26/string/../sysdeps/x86_64/multiarch/memchr.c
-1 1
fe=(56)

fn=(194)
32 1
-2 1
+2 2
-2 3
fi=(182) /build/glibc-itYbWN/glibc-2.26/string/../sysdeps/x86_64/multiarch/strrchr.c
-2 1
fe=(56)

fn=(202)
32 1
-2 1
+2 2
-2 3
fi=(183) /build/glibc-itYbWN/glibc-2.26/string/../sysdeps/x86_64/multiarch/rawmemchr.c
+1 1
fe=(56)

fn=(240)
32 1
-2 1
+2 2
-2 3
fi=(184) /build/glibc-itYbWN/glibc-2.26/string/../sysdeps/x86_64/multiarch/strlen.c
-1 1
fe=(56)

fn=(220)
32 2
-2 2
+2 4
-2 6
fi=(185) /build/glibc-itYbWN/glibc-2.26/string/../sysdeps/x86_64/multiarch/strnlen.c
+1 2
fe=(56)

fl=(113)
fn=(456) _IO_old_init
604 26
-2 26
+1 26
-1 26
+2 52
+16 26
-14 26
+1 26
+13 26
+5 26
-17 26
+1 26
+1 26
+1 26
+14 26
-13 26
+1 26
+1 26
+2 26
+1 26
+1 26
+1 26
+6 26
+1 62

fn=(472)
425 338
-3 695
fi=(131)
938 139
fe=(113)
422 278
fi=(131)
938 417
fe=(113)
422 139
fi=(131)
938 417
fe=(113)
430 556
+2 417
+3 278
+10 300
+5 300
-1 200
+1 903
-1 602
+2 300
+2 100
+2 200
-2 39
+2 78
-17 78
+5 39
-5 39
cfi=(122)
cfn=(606) __mempcpy_avx_unaligned_erms
calls=39 209 
* 488
* 39
* 78
+21 139
+1 417
-1 139
+1 755

fn=(522)
395 2
-1 3
+3 4
+1 1
fi=(131)
938 3
+2 2
+1 2
fe=(113)
398 2
cfi=(130)
cfn=(524)
calls=1 78 
* 295
* 2
+3 4

fn=(460)
380 81
+1 110
+3 27
+2 108
-3 27
+3 54
+3 84
-7 1
cob=(2)
cfi=(18)
cfn=(512)
calls=1 0 
* 154
* 5

fn=(530)
318 7
-2 4
+8 3
-8 4
+8 7
+3 4
+2 4
+6 4
+7 2
fi=(131)
938 6
+2 4
+1 4
fe=(113)
342 2
+1 2
-1 2
+1 4
-1 2
cfi=(125)
cfn=(532)
calls=2 531 
* 170
-24 2
+22 6

fn=(454)
633 234
+1 26
cfn=(456)
calls=26 -30 
* 686
+3 26
-2 26
+2 26
+2 1
+1 1
+1 1
+1 1
+1 1
+1 1
+1 1
+1 1
+1 1
+1 1
+1 1
+1 1
+2 1
+7 1
+1 6
-1 25
+1 150
-3 50

fn=(578)
673 48
+2 12
-2 36
+2 24
+6 36
+3 36
60 24
696 84

fn=(552)
1081 2
+2 2
-2 2
+2 2
+19 6
+2 4

fn=(566)
59 12
+1 4
+4 7
+1 10
+2 1
-2 1
+1 1
+1 1
-2 1
+2 1
-2 1
+2 1
+4 2
+13 1
+2 1
-2 1
+2 1
+2 1
-1 1
+1 8
+1 2
+3 14
-6 2
-17 3
+4 1
+1 1
-1 2

fn=(452) _IO_init_internal
563 44
cfn=(454)
calls=11 +70 
* 550

fn=(518)
465 16
fi=(131)
938 32
fe=(113)
465 16
+2 16
fi=(131)
938 16
+2 32
+1 32
fe=(113)
467 16
+1 32
-1 16
cfi=(125)
cfn=(520)
calls=16 1352 
* 1585

fn=(536)
175 8
+1 6
+3 6
+5 2
-1 4
+1 2
+7 2
-4 2
+2 4
+2 2
+1 2
+1 8

fn=(498)
97 12
+1 6
+4 1
-2 3
+2 5
+1 11
+2 1
-1 1
-1 1
+2 1
-2 1
+2 14
+2 1
-2 1
+4 1
+2 1
-3 1
-1 1
+4 7
+2 1
-1 1
+1 8
+1 2
+3 14
-6 7

fl=(166)
fn=(746)
27 3

fl=(104) /build/glibc-itYbWN/glibc-2.26/elf/dl-addr.c
fn=(402) _dl_addr
127 9
+5 1
-5 2
+5 2
cob=(1)
cfi=(2)
cfn=(52)
calls=1 783 
* 2
+2 2
cob=(1)
cfi=(105)
cfn=(410)
calls=1 -64 
* 1219
* 5
+2 2
30 1
+1 1
-1 1
+1 1
+3 2
+5 1
+6 1
-7 1
+2 2
+2 1
-2 1
+2 1
+3 1
+5 8
+2 1
+1 2
-1 1010
+1 2020
+2 3644
+9 2007
+7 27
-2 27
+2 2312
-2 2258
+2 5890
-10 11425
+2 9140
+1 14539
+7 1011
-21 2022
+50 3
+1 1
+1 3
+3 2
+37 2
cob=(1)
cfi=(2)
cfn=(54)
calls=1 789 
* 2
+3 9
-28 1
+1 1
+21 2

fl=(59)
fn=(200)
26 25
+1 10
+4 10
+18 25
-21 5
+20 5

fl=(94) /build/glibc-itYbWN/glibc-2.26/signal/../sysdeps/unix/sysv/linux/x86_64/sigaction.c
fn=(358) __libc_sigaction
47 10
+4 4
+3 2
-1 2
+1 6
-1 2
+1 56
+1 2
-1 2
+1 2
+7 2
-7 4
+2 4
+5 22
+3 8
+3 2
-1 2
+1 4
-1 2
+1 56
+1 2
-1 2
+1 2
+1 4
+3 10

fl=(101)
fn=(390)
65 55
+11 11
-11 22
+11 11
cob=(2)
cfi=(18)
cfn=(392)
calls=11 -76 
* 62099
+1 33
+3 11
+3 22
-3 11
+3 11
cfi=(102)
cfn=(444)
calls=10 3386 
* 85734
cob=(1)
cfi=(105)
cfn=(410)
calls=1 -13 
* 9093
* 15
+1 11
-1 11
+1 11
+5 33
cfi=(113)
cfn=(452)
calls=11 563 
* 594
+1 11
+1 44
-1 11
+1 11
cfi=(114)
cfn=(458) _IO_str_init_static_internal
calls=11 -55 
* 583
+2 11
-1 11
+8 11
-4 11
+1 11
-4 11
+1 22
+9 77

fn=(608)
128 44
+3 11
+1 44
-1 11
cfi=(102)
cfn=(614)
calls=10 3151 
* 2542
cob=(1)
cfi=(105)
cfn=(410)
calls=1 -61 
* 958
* 15
* 11
+2 44
+2 33
+1 44
+2 11
+4 11
-1 22
+1 22
-1 11
cfi=(114)
cfn=(624) _IO_str_finish
calls=11 347 
* 385

fl=(153)
fn=(662)
27 140
+4 14
+1 14
-1 70
+1 14
cfi=(154) /build/glibc-itYbWN/glibc-2.26/libio/iovsprintf.c
cfn=(664) vsprintf
calls=14 * 
* 11202
+4 70

fl=(108)
fn=(432)
46 3
+1 3
cfi=(109)
cfn=(434)
calls=3 -13 
* 113
+2 9
+3 6

fl=(164)
fn=(738)
84 8
+1 2

fl=(103)
fn=(400) ptmalloc_init.part.1
294 2
+5 1
-5 3
+13 2
+6 2
+6 1
-6 1
+6 5
+1 1
+2 1
-2 1
cfi=(102)
cfn=(420)
calls=1 4445 
* 922
+2 4
cob=(1)
cfi=(105)
cfn=(410)
calls=1 70 
* 1125
* 5
+1 4
cob=(1)
cfi=(9)
cfn=(26)
calls=1 +56 
* 17
* 1
+1 4
cob=(1)
cfi=(9)
cfn=(26)
calls=1 +55 
* 18
* 1
+1 4
cob=(1)
cfi=(9)
cfn=(26)
calls=1 +54 
* 17
* 1
+1 4
cob=(1)
cfi=(9)
cfn=(26)
calls=1 +53 
* 17
* 1
+1 4
cob=(1)
cfi=(9)
cfn=(26)
calls=1 +52 
* 18
* 1
+1 4
cob=(1)
cfi=(9)
cfn=(26)
calls=1 +51 
* 17
* 1
+1 4
cob=(1)
cfi=(9)
cfn=(26)
calls=1 +50 
* 17
* 1
+2 4
cob=(1)
cfi=(9)
cfn=(26)
calls=1 +48 
* 17
* 1
+1 4
cob=(1)
cfi=(9)
cfn=(26)
calls=1 +47 
* 17
* 1
+1 4
cob=(1)
cfi=(9)
cfn=(26)
calls=1 +46 
* 17
* 1
+3 4
+73 2
+1 2
+4 2
-1 1
+1 4
308 5
cfi=(104)
cfn=(402)
calls=1 127 
* 58628
* 2
+1 4

fn=(396)
296 1
fi=(111)
29 4
+1 1
fe=(103)
296 1
fi=(111)
30 1
fe=(103)
296 1
fi=(102)
3068 6
+3 4
+13 7
+2 3
cfn=(428)
calls=1 3556 
* 155
+3 1
-3 1
+3 1
+8 4
+2 10
-31 4
-49 4
cfn=(426)
calls=1 +3 
* 510
+55 2
+2 5
+1 3
fi=(111)
33 5
fi=(102)
3084 7
cfi=(103)
cfn=(400)
calls=1 294 
* 60952
* 1
-21 2
fe=(103)

fl=(114)
fn=(458)
36 200
+4 50
+6 125
cfi=(113)
cfn=(460)
calls=25 380 
* 450
+5 25
-3 25
+1 25
+1 25
+1 25
+2 25
+1 25
+1 25
+9 25
+1 150
-23 25
+1 100

fn=(624)
347 22
+1 33
+2 11
+2 22
+1 11
-1 11
cfi=(113)
cfn=(578)
calls=11 673 
* 275

fn=(596)
251 110
+3 66
+3 11
+1 22
-22 22
+4 11
+6 11
+16 22
-18 22
+2 11
+16 11
+2 22
+69 99

fl=(86)
fn=(322)
57 5
-22 1
+22 1
-22 1
cfn=(324) __new_exitfn
calls=1 +38 
* 38
+2 2
+4 1
+3 1
+1 1
-4 2
+2 1
+4 1
+1 1
+11 4

fn=(324)
73 2
+6 1
-6 1
+6 1
-6 1
+6 4
+2 6
+2 3
-2 1
+10 2
-10 2
+45 1
+1 1
+3 4
+3 5
-21 1
+1 2

fl=(154)
fn=(664)
32 28
+7 14
-7 42
+7 14
-7 42
+7 42
-2 14
-5 42
+7 14
cfi=(113)
cfn=(454)
calls=14 633 
* 658
+1 14
+1 56
-1 14
+1 14
cfi=(114)
cfn=(458)
calls=14 -5 
* 742
+1 56
cfi=(116)
cfn=(464)
calls=14 1244 
* 9186
* 14
+1 56
+2 140

fl=(122)
fn=(606)
209 39
+1 39
+1 39
+12 39
+1 39
+1 20
+1 20
+3 20
+1 20
+1 20
+1 20
+2 20
+1 20
+33 19
+1 19
+26 19
+1 19
+1 19
+1 19
+1 19

fn=(488)
221 95
+2 95
+1 95
+1 4
+1 4
+3 2
+1 2
+1 2
+1 2
+2 2
+1 2
+3 1
+1 1
+29 91
+1 91
+2 89
+1 89
+1 82
+1 82
+1 67
+1 67
+1 11
+1 11
+1 11
+2 11
+14 2
+1 2
+1 2
+1 2
+1 2
+4 7
+1 7
+1 7
+1 7
+1 7
+3 15
+1 15
+1 15
+1 15
+1 15
+3 56
+1 56
+1 56
+1 56
+1 56
+4 2
+1 2
+5 1
+1 1
+36 2
+1 2
+58 2
+1 2
+1 2
+1 2
+1 2
+2 2
+3 2
+1 2
+1 2
+1 2
+2 2
+2 2
+2 2
+3 2
+1 2
+4 11
+1 11
+1 11
+1 11
+1 11
+1 11
+1 11
+1 11
+1 11
+1 11
+1 11
+1 11
+1 11
+2 1
+1 1
+1 1
+1 1
+2 1
+1 1
+1 1
+42 1
+1 1
+1 1
+3 1638398
+1 1638398
+1 819199
+1 819199
+1 819199
+1 819199
+1 819199
+1 819199
+1 819199
+1 819199
+1 819199
+1 819199
+1 819199
+1 819199
+1 819199
+1 1
+2 1
+1 1
+1 1
+1 1
+2 1
+1 1
+1 1

fl=(136)
fn=(556)
35 6
+2 1

fl=(93)
fn=(356)
34 6
+6 2
cfi=(94)
cfn=(358)
calls=2 +7 
* 214

totals: 14336703
